id	rho	pval	n
LH_SurfArea_bankssts	-0.0841261623968607	8.8896436940508e-52	32278
LH_SurfArea_caudalanteriorcingulate	-0.040428009521745	3.71476739737746e-13	32278
LH_SurfArea_caudalmiddlefrontal	-0.0517167544958717	1.44792394189154e-20	32278
LH_SurfArea_cuneus	-0.105582922517991	1.15634545036979e-80	32278
LH_SurfArea_entorhinal	-0.00774136948943884	0.164316004960844	32278
LH_SurfArea_fusiform	-0.156778404712423	1.12742841836066e-176	32278
LH_SurfArea_inferiorparietal	-0.0756458997670714	3.55342457967651e-42	32278
LH_SurfArea_inferiortemporal	-0.168641407848417	1.70033507611334e-204	32278
LH_SurfArea_isthmuscingulate	0.020732600193134	0.000195423164871308	32278
LH_SurfArea_lateraloccipital	-0.136550949215063	4.07207254793486e-134	32278
LH_SurfArea_lateralorbitofrontal	-0.185245200798418	4.77640866633675e-247	32278
LH_SurfArea_lingual	-0.106455472812811	5.60087462862402e-82	32278
LH_SurfArea_medialorbitofrontal	-0.0709470480151902	2.70004586698577e-37	32278
LH_SurfArea_middletemporal	-0.166262230211315	9.58404536217596e-199	32278
LH_SurfArea_parahippocampal	-0.145387787370487	5.87224575416935e-152	32278
LH_SurfArea_paracentral	0.0244043647722367	1.16135608875685e-05	32278
LH_SurfArea_parsopercularis	-0.0968491622317555	4.1547870236521e-68	32278
LH_SurfArea_parsorbitalis	-0.142306339406266	1.32390149234694e-145	32278
LH_SurfArea_parstriangularis	-0.0987071214602399	1.09545431702408e-70	32278
LH_SurfArea_pericalcarine	-0.0511947755513176	3.48734113113452e-20	32278
LH_SurfArea_postcentral	-0.0298707264477584	7.99437533188147e-08	32278
LH_SurfArea_posteriorcingulate	-0.078076851268013	7.99338088257784e-45	32278
LH_SurfArea_precentral	0.0029312439462826	0.598486873776472	32278
LH_SurfArea_precuneus	-0.0925087244502513	2.81913183026275e-62	32278
LH_SurfArea_rostralanteriorcingulate	-0.0268397676524362	1.41814808583239e-06	32278
LH_SurfArea_rostralmiddlefrontal	-0.116215404283182	1.94605295298649e-97	32278
LH_SurfArea_superiorfrontal	-0.0765964508155633	3.35154818299689e-43	32278
LH_SurfArea_superiorparietal	-0.0700993188709096	1.89946137214297e-36	32278
LH_SurfArea_superiortemporal	-0.0802859772216928	2.65237393715114e-47	32278
LH_SurfArea_supramarginal	-0.057055674532168	1.08948888863425e-24	32278
LH_SurfArea_frontalpole	-0.148694688586572	6.21390781799095e-159	32278
LH_SurfArea_temporalpole	-0.0291507967320674	1.62466041422897e-07	32278
LH_SurfArea_transversetemporal	-0.0998791729407955	2.43879015696422e-72	32278
LH_SurfArea_insula	0.000605654730015701	0.913359964577316	32278
LH_GrayVol_bankssts	-0.149446483168732	1.53021694761647e-160	32278
LH_GrayVol_caudalanteriorcingulate	-0.10002722477923	1.50326778411761e-72	32278
LH_GrayVol_caudalmiddlefrontal	-0.179940101044511	5.45169886329368e-233	32278
LH_GrayVol_cuneus	-0.105321000323544	2.85513063343047e-80	32278
LH_GrayVol_entorhinal	-0.0450631291825814	5.52415692954458e-16	32278
LH_GrayVol_fusiform	-0.224092506189927	0	32278
LH_GrayVol_inferiorparietal	-0.198668647367048	1.41611873529811e-284	32278
LH_GrayVol_inferiortemporal	-0.186832221168024	2.44902600773635e-251	32278
LH_GrayVol_isthmuscingulate	-0.0787957917566476	1.26924255528682e-45	32278
LH_GrayVol_lateraloccipital	-0.20320435054311	6.76372224518055e-298	32278
LH_GrayVol_lateralorbitofrontal	-0.237135221827813	0	32278
LH_GrayVol_lingual	-0.137108678973023	3.29655357012545e-135	32278
LH_GrayVol_medialorbitofrontal	-0.184630241067168	2.14273840562563e-245	32278
LH_GrayVol_middletemporal	-0.260567505549056	0	32278
LH_GrayVol_parahippocampal	-0.164196123626587	8.05206780460969e-194	32278
LH_GrayVol_paracentral	-0.196394002397634	5.11884928859697e-278	32278
LH_GrayVol_parsopercularis	-0.206869389491988	6.7289170762725e-309	32278
LH_GrayVol_parsorbitalis	-0.233178806558149	0	32278
LH_GrayVol_parstriangularis	-0.217811588663747	0	32278
LH_GrayVol_pericalcarine	-0.0207947192192587	0.000186953233371549	32278
LH_GrayVol_postcentral	-0.184433389170809	7.2193882005472e-245	32278
LH_GrayVol_posteriorcingulate	-0.123209531965035	2.28092388596061e-109	32278
LH_GrayVol_precentral	-0.247888246443602	0	32278
LH_GrayVol_precuneus	-0.262423764628329	0	32278
LH_GrayVol_rostralanteriorcingulate	-0.108360256663259	6.91355763331813e-85	32278
LH_GrayVol_rostralmiddlefrontal	-0.279689154872411	0	32278
LH_GrayVol_superiorfrontal	-0.287443956250748	0	32278
LH_GrayVol_superiorparietal	-0.21090731284009	2.87546205879605e-321	32278
LH_GrayVol_superiortemporal	-0.244390013861851	0	32278
LH_GrayVol_supramarginal	-0.181232230345032	2.25311316809627e-236	32278
LH_GrayVol_frontalpole	-0.164693939446	5.31307972484313e-195	32278
LH_GrayVol_temporalpole	-0.0156584449303758	0.00490667273621462	32278
LH_GrayVol_transversetemporal	-0.0589448789852649	3.03664876710319e-26	32278
LH_GrayVol_insula	-0.0462245713723664	9.70437703295662e-17	32278
LH_ThickAvg_bankssts	-0.153788040431219	5.36320439119153e-170	32278
LH_ThickAvg_caudalanteriorcingulate	-0.0736246146496932	4.88092520081485e-40	32278
LH_ThickAvg_caudalmiddlefrontal	-0.264348618894156	0	32278
LH_ThickAvg_cuneus	-0.0701257249386343	1.78810236787083e-36	32278
LH_ThickAvg_entorhinal	-0.155070980496103	7.60622839266467e-173	32278
LH_ThickAvg_fusiform	-0.210294084342347	2.2578800014945e-319	32278
LH_ThickAvg_inferiorparietal	-0.282214676779817	0	32278
LH_ThickAvg_inferiortemporal	-0.145220516630842	1.31008637406911e-151	32278
LH_ThickAvg_isthmuscingulate	-0.173623522873753	8.08411285404546e-217	32278
LH_ThickAvg_lateraloccipital	-0.159198415122939	3.54528611319043e-182	32278
LH_ThickAvg_lateralorbitofrontal	-0.128584955346213	5.03229397365655e-119	32278
LH_ThickAvg_lingual	-0.125124353049231	9.26732685208215e-113	32278
LH_ThickAvg_medialorbitofrontal	-0.145405393235973	5.39634221309084e-152	32278
LH_ThickAvg_middletemporal	-0.210158904107095	5.89776042753613e-319	32278
LH_ThickAvg_parahippocampal	-0.116764668439921	2.38787354047384e-98	32278
LH_ThickAvg_paracentral	-0.26571131626042	0	32278
LH_ThickAvg_parsopercularis	-0.256293688835913	0	32278
LH_ThickAvg_parsorbitalis	-0.200319840836941	2.18464251705421e-289	32278
LH_ThickAvg_parstriangularis	-0.26917166283681	0	32278
LH_ThickAvg_pericalcarine	-0.0298627561710468	8.05810330726704e-08	32278
LH_ThickAvg_postcentral	-0.236666629043122	0	32278
LH_ThickAvg_posteriorcingulate	-0.142772265124969	1.48021705402279e-146	32278
LH_ThickAvg_precentral	-0.291669168790174	0	32278
LH_ThickAvg_precuneus	-0.288150800938233	0	32278
LH_ThickAvg_rostralanteriorcingulate	-0.145796846677988	8.21868340340222e-153	32278
LH_ThickAvg_rostralmiddlefrontal	-0.32032929462045	0	32278
LH_ThickAvg_superiorfrontal	-0.361907338370185	0	32278
LH_ThickAvg_superiorparietal	-0.25206306588466	0	32278
LH_ThickAvg_superiortemporal	-0.306209793168977	0	32278
LH_ThickAvg_supramarginal	-0.294380769529342	0	32278
LH_ThickAvg_frontalpole	-0.160636367373703	1.73078343668843e-185	32278
LH_ThickAvg_temporalpole	-0.124702930121544	5.22285388998304e-112	32278
LH_ThickAvg_transversetemporal	0.000589483023475369	0.915664604583449	32278
LH_ThickAvg_insula	-0.134359843578344	7.15069301686135e-130	32278
RH_SurfArea_bankssts	-0.0876738593090998	4.24745173673838e-56	32278
RH_SurfArea_caudalanteriorcingulate	-0.0471819577524987	2.2400254055803e-17	32278
RH_SurfArea_caudalmiddlefrontal	-0.0337816983387575	1.27617479248274e-09	32278
RH_SurfArea_cuneus	-0.104717986297262	2.26769346539233e-79	32278
RH_SurfArea_entorhinal	0.0159389347857016	0.00418995193346424	32278
RH_SurfArea_fusiform	-0.135529427932569	3.95826288703737e-132	32278
RH_SurfArea_inferiorparietal	-0.0802052536118155	3.27676046706673e-47	32278
RH_SurfArea_inferiortemporal	-0.138965760034852	7.07309247246803e-139	32278
RH_SurfArea_isthmuscingulate	0.0123845960005675	0.0260887851902268	32278
RH_SurfArea_lateraloccipital	-0.120370717316536	1.9359394705947e-104	32278
RH_SurfArea_lateralorbitofrontal	-0.142109076235688	3.33995427924944e-145	32278
RH_SurfArea_lingual	-0.0962937904677299	2.39774787090944e-67	32278
RH_SurfArea_medialorbitofrontal	-0.0941783759265873	1.73324384553975e-64	32278
RH_SurfArea_middletemporal	-0.162257660333936	2.93153936294458e-189	32278
RH_SurfArea_parahippocampal	-0.121866754961166	5.05994643772217e-107	32278
RH_SurfArea_paracentral	0.0174726229571145	0.00169485657928265	32278
RH_SurfArea_parsopercularis	-0.0779086755232342	1.22635897703116e-44	32278
RH_SurfArea_parsorbitalis	-0.148318769987877	3.9313772435742e-158	32278
RH_SurfArea_parstriangularis	-0.0982419237727411	4.89749771860904e-70	32278
RH_SurfArea_pericalcarine	-0.0625844252998594	2.21654604911278e-29	32278
RH_SurfArea_postcentral	0.00382777201539612	0.491683403703623	32278
RH_SurfArea_posteriorcingulate	-0.0959672009128293	6.68951615404417e-67	32278
RH_SurfArea_precentral	0.0277985287613419	5.89065540924186e-07	32278
RH_SurfArea_precuneus	-0.0874309882702616	8.50455800826682e-56	32278
RH_SurfArea_rostralanteriorcingulate	-0.0572613106140306	7.4201390921134e-25	32278
RH_SurfArea_rostralmiddlefrontal	-0.117365250869967	2.38071742492065e-99	32278
RH_SurfArea_superiorfrontal	-0.0843637239828373	4.62558705455117e-52	32278
RH_SurfArea_superiorparietal	-0.0802398634584386	2.99290539191303e-47	32278
RH_SurfArea_superiortemporal	-0.064700971882757	2.72792284069232e-31	32278
RH_SurfArea_supramarginal	-0.025786285777692	3.60250704578568e-06	32278
RH_SurfArea_frontalpole	-0.0958065991558944	1.10650682568628e-66	32278
RH_SurfArea_temporalpole	-0.00211701530739531	0.703717707796126	32278
RH_SurfArea_transversetemporal	-0.0908748047688457	3.7615842982283e-60	32278
RH_SurfArea_insula	-0.00652963883078108	0.24079000739176	32278
RH_GrayVol_bankssts	-0.154330963902097	3.36590291206971e-171	32278
RH_GrayVol_caudalanteriorcingulate	-0.0971447673260303	1.62761584016397e-68	32278
RH_GrayVol_caudalmiddlefrontal	-0.156516201789678	4.39502598230972e-176	32278
RH_GrayVol_cuneus	-0.0676369968322233	4.80826261160829e-34	32278
RH_GrayVol_entorhinal	-0.0299455085778011	7.41973219413567e-08	32278
RH_GrayVol_fusiform	-0.235742143180014	0	32278
RH_GrayVol_inferiorparietal	-0.243878930867334	0	32278
RH_GrayVol_inferiortemporal	-0.191814924479295	4.61842701603007e-265	32278
RH_GrayVol_isthmuscingulate	-0.0731818668123819	1.409461147137e-39	32278
RH_GrayVol_lateraloccipital	-0.192647077175858	2.1606488230227e-267	32278
RH_GrayVol_lateralorbitofrontal	-0.215552902831522	0	32278
RH_GrayVol_lingual	-0.098976500968668	4.58731697540785e-71	32278
RH_GrayVol_medialorbitofrontal	-0.207205363818325	6.43679535192202e-310	32278
RH_GrayVol_middletemporal	-0.26540620035732	0	32278
RH_GrayVol_parahippocampal	-0.14991387902285	1.51496529754626e-161	32278
RH_GrayVol_paracentral	-0.179981093315322	4.26167141525274e-233	32278
RH_GrayVol_parsopercularis	-0.194267753874061	5.83136795553569e-272	32278
RH_GrayVol_parsorbitalis	-0.247805586081756	0	32278
RH_GrayVol_parstriangularis	-0.215682714851718	0	32278
RH_GrayVol_pericalcarine	0.0105942101716022	0.0570110704399905	32278
RH_GrayVol_postcentral	-0.170355665068795	1.07962269489979e-208	32278
RH_GrayVol_posteriorcingulate	-0.154704307154644	4.98594794518964e-172	32278
RH_GrayVol_precentral	-0.233036760681703	0	32278
RH_GrayVol_precuneus	-0.240027720386217	0	32278
RH_GrayVol_rostralanteriorcingulate	-0.0855135752622282	1.90780854270124e-53	32278
RH_GrayVol_rostralmiddlefrontal	-0.258767242576642	0	32278
RH_GrayVol_superiorfrontal	-0.278911789293156	0	32278
RH_GrayVol_superiorparietal	-0.234052527674637	0	32278
RH_GrayVol_superiortemporal	-0.249260108889869	0	32278
RH_GrayVol_supramarginal	-0.167488673137819	1.06592699278125e-201	32278
RH_GrayVol_frontalpole	-0.127197905061844	1.71413914957127e-116	32278
RH_GrayVol_temporalpole	-0.019394000699895	0.000493392264083413	32278
RH_GrayVol_transversetemporal	-0.0541944938671078	1.98011398011555e-22	32278
RH_GrayVol_insula	-0.0687064352544146	4.45329765276743e-35	32278
RH_ThickAvg_bankssts	-0.176636666411365	1.86314631158004e-224	32278
RH_ThickAvg_caudalanteriorcingulate	-0.0593199214891732	1.47153644222876e-26	32278
RH_ThickAvg_caudalmiddlefrontal	-0.258147472104777	0	32278
RH_ThickAvg_cuneus	-0.0227433939566071	4.38470876728888e-05	32278
RH_ThickAvg_entorhinal	-0.14532885592156	7.79167757312107e-152	32278
RH_ThickAvg_fusiform	-0.230772694361494	0	32278
RH_ThickAvg_inferiorparietal	-0.321489559860635	0	32278
RH_ThickAvg_inferiortemporal	-0.173929748788781	1.37343453438158e-217	32278
RH_ThickAvg_isthmuscingulate	-0.151798731903503	1.2501789076692e-165	32278
RH_ThickAvg_lateraloccipital	-0.156089721543739	3.99777653060136e-175	32278
RH_ThickAvg_lateralorbitofrontal	-0.102471010925595	4.60052293060676e-76	32278
RH_ThickAvg_lingual	-0.0723916943860784	9.20660794934056e-39	32278
RH_ThickAvg_medialorbitofrontal	-0.121712066846407	9.39106651281069e-107	32278
RH_ThickAvg_middletemporal	-0.222183613777492	0	32278
RH_ThickAvg_parahippocampal	-0.119633600813342	3.5270842582518e-103	32278
RH_ThickAvg_paracentral	-0.259330307693476	0	32278
RH_ThickAvg_parsopercularis	-0.241726790539291	0	32278
RH_ThickAvg_parsorbitalis	-0.204032564798034	2.30467217004001e-300	32278
RH_ThickAvg_parstriangularis	-0.270650430305051	0	32278
RH_ThickAvg_pericalcarine	0.0320231097359735	8.70563584102774e-09	32278
RH_ThickAvg_postcentral	-0.233548666391382	0	32278
RH_ThickAvg_posteriorcingulate	-0.147011390560189	2.3144979189547e-155	32278
RH_ThickAvg_precentral	-0.293146026503103	0	32278
RH_ThickAvg_precuneus	-0.28091143989733	0	32278
RH_ThickAvg_rostralanteriorcingulate	-0.0454384548721898	3.16402468006094e-16	32278
RH_ThickAvg_rostralmiddlefrontal	-0.290720617206629	0	32278
RH_ThickAvg_superiorfrontal	-0.349537301186155	0	32278
RH_ThickAvg_superiorparietal	-0.263364958871556	0	32278
RH_ThickAvg_superiortemporal	-0.335213993774337	0	32278
RH_ThickAvg_supramarginal	-0.294871715207352	0	32278
RH_ThickAvg_frontalpole	-0.135871698936523	8.57490096265169e-133	32278
RH_ThickAvg_temporalpole	-0.121960413641222	3.47829105418247e-107	32278
RH_ThickAvg_transversetemporal	-0.0159258155896025	0.00422123318866493	32278
RH_ThickAvg_insula	-0.144736194470411	1.33043849265918e-150	32278
Left.Accumbens.area	-0.445600207315562	0	32278
Left.Amygdala	-0.389244628285377	0	32278
Left.Caudate	0.00447245802598896	0.421715576535828	32278
Left.Hippocampus	-0.370436441227886	0	32278
Left.Pallidum	-0.142338155902641	1.14020153424123e-145	32278
Left.Putamen	-0.245959918384298	0	32278
Left.Thalamus.Proper	-0.399587832224451	0	32278
Left.Lateral.Ventricle	0.408243061600371	0	32278
Right.Accumbens.area	-0.371385446016994	0	32278
Right.Amygdala	-0.297252633370587	0	32278
Right.Caudate	0.0389285641079949	2.63591512558766e-12	32278
Right.Hippocampus	-0.365985975577816	0	32278
Right.Pallidum	-0.111953429261712	1.62148259892384e-90	32278
Right.Putamen	-0.241492651205062	0	32278
Right.Thalamus.Proper	-0.365276732071366	0	32278
Right.Lateral.Ventricle	0.421315004234782	0	32278
