LOCUS_COUNT	trait	LEAD_SNP	CHR	BP	id	LEAD_SNP_R2	RSID	gene_id	hgnc_symbol	X.STUDY	X.SIGN	BETA_FE	STD_FE	PVALUE_FE	STAT1_RE2	STAT2_RE2	PVALUE_RE2	mval_Adipose_Subcutaneous	mval_Adipose_Visceral_Omentum	mval_Adrenal_Gland	mval_Artery_Aorta	mval_Artery_Coronary	mval_Artery_Tibial	mval_Brain_Amygdala	mval_Brain_Anterior_cingulate_cortex_BA24	mval_Brain_Caudate_basal_ganglia	mval_Brain_Cerebellar_Hemisphere	mval_Brain_Cerebellum	mval_Brain_Cortex	mval_Brain_Frontal_Cortex_BA9	mval_Brain_Hippocampus	mval_Brain_Hypothalamus	mval_Brain_Nucleus_accumbens_basal_ganglia	mval_Brain_Putamen_basal_ganglia	mval_Brain_Spinal_cord_cervical_c.1	mval_Brain_Substantia_nigra	mval_Breast_Mammary_Tissue	mval_Cells_Cultured_fibroblasts	mval_Cells_EBV.transformed_lymphocytes	mval_Colon_Sigmoid	mval_Colon_Transverse	mval_Esophagus_Gastroesophageal_Junction	mval_Esophagus_Mucosa	mval_Esophagus_Muscularis	mval_Heart_Atrial_Appendage	mval_Heart_Left_Ventricle	mval_Kidney_Cortex	mval_Liver	mval_Lung	mval_Minor_Salivary_Gland	mval_Muscle_Skeletal	mval_Nerve_Tibial	mval_Ovary	mval_Pancreas	mval_Pituitary	mval_Prostate	mval_Skin_Not_Sun_Exposed_Suprapubic	mval_Skin_Sun_Exposed_Lower_leg	mval_Small_Intestine_Terminal_Ileum	mval_Spleen	mval_Stomach	mval_Testis	mval_Thyroid	mval_Uterus	mval_Vagina	mval_Whole_Blood
1	grey and white matter	rs550778111	1	43843241	rs550778111	1	chr1_43377570_GT_G_b38	ENSG00000066056.13	TIE1	49	38	-0.146379	0.00508462	2.97555e-182	828.786	159.694	7.21186e-216	1	1	0.627	1	0.491	0	0.925	0.911	1	0.977	1	1	0.982	1	0.753	1	1	0.832	0.889	1	0	0.842	1	1	1	1	1	1	1	0.89	1	1	1	1	1	0.956	1	1	1	1	1	1	0	1	0.998	1	1	1	0
7	grey and white matter	rs76122535	2	203664929	rs76122535	1	chr2_202800206_C_G_b38	ENSG00000138380.17	CARF	49	42	-0.187934	0.00621359	5.95792e-201	914.797	76.8553	1.47606e-216	1	1	0.975	0.699	0.885	1	0.985	0.916	0.941	0.263	1	0.812	0.78	0.921	0.986	1	1	1	0.849	1	1	1	1	1	1	1	1	1	0.992	1	0.882	1	1	1	1	1	1	1	1	1	1	1	1	1	1	1	1	0.996	1
7	grey and white matter	rs76122535	2	203664929	rs6705330	0.954	chr2_202797474_A_G_b38	ENSG00000163596.16	ICA1L	49	25	0.14743	0.00735152	1.84695e-89	402.18	500.477	3.12565e-197	1	1	0.016	0.97	0	1	0	0	0	0	0	0	0	0	0	0	0	0.971	0	1	1	0.994	0	0	1	1	0.916	0	1	1	0.862	0.981	1	1	1	1	1	0	0.963	1	1	0.925	0.642	0.99	0	1	0	0.503	0.06
7	grey matter	rs76122535	2	203664929	rs76122535	1	chr2_202800206_C_G_b38	ENSG00000138380.17	CARF	49	42	-0.187934	0.00621359	5.95792e-201	914.797	76.8553	1.47606e-216	1	1	0.975	0.699	0.885	1	0.985	0.916	0.941	0.263	1	0.812	0.78	0.921	0.986	1	1	1	0.849	1	1	1	1	1	1	1	1	1	0.992	1	0.882	1	1	1	1	1	1	1	1	1	1	1	1	1	1	1	1	0.996	1
8	white matter	rs34567530	3	121643447	rs34567530	1	chr3_121924600_A_AT_b38	ENSG00000173226.16	IQCB1	49	46	0.184227	0.00684164	1.05142e-159	725.081	18.6789	9.99861e-163	1	1	1	1	0.992	1	1	1	1	0.995	1	1	1	1	0.994	1	1	1	1	1	1	1	1	1	1	1	1	1	1	0.941	0.122	1	0.991	1	1	0.877	1	1	1	1	1	1	1	1	0	1	1	1	1
8	white matter	rs34567530	3	121643447	rs34567530	1	chr3_121924600_A_AT_b38	ENSG00000173230.15	GOLGB1	49	27	-0.0503498	0.00430761	1.4582e-31	136.623	11.1947	2.64346e-33	0.978	0.987	0.982	0.995	0.954	0.932	0.893	0.978	0.982	0.447	0.785	0.583	0.721	0.97	0.881	0.749	0.984	0.958	0.864	0.497	0.46	0.578	0.827	0.984	1	0.996	0.956	1	0.999	0.832	0.97	0.981	0.924	1	1	0.78	0.95	0.537	0.787	0.683	0.472	0.989	0.951	0.948	0.431	1	0.838	0.882	0.815
8	white matter	rs34567530	3	121643447	rs34567530	1	chr3_121924600_A_AT_b38	ENSG00000145088.8	EAF2	49	25	0.0760732	0.00662374	1.57051e-30	131.904	10.9404	3.1808e-32	0.971	0.511	0.797	1	0.695	0.999	0.914	0.785	0.527	0.884	1	0.967	0.501	0.994	0.938	0.552	0.271	0.948	0.978	0.325	0.98	0.997	0.531	0.976	0.975	0.88	0.981	0.204	0.962	0.689	0.97	0.981	0.94	1	0.998	0.696	0.088	0.537	0.335	0.983	0.998	0.677	0.475	0.978	0.856	1	0.579	0.818	0.249
8	white matter	rs34567530	3	121643447	rs78643247	0.989	chr3_121960047_C_CT_b38	ENSG00000272758.5	WDR5B-DT	49	27	-0.10029	0.00864977	4.39023e-31	134.434	2.28724	6.80217e-31	1	0.885	0.973	0.056	0.976	0.713	0.909	0.835	0.963	0.982	0.835	0.706	0.993	0.665	0.855	0.999	0.968	0.888	0.992	1	1	0.822	0.882	1	1	0.986	0.857	0.992	0.982	0.896	0.786	1	0.95	0.562	0.894	0.888	1	0.972	0.986	0.991	0.978	0.85	0.898	1	0.417	1	0.781	0.933	0.556
8	white matter	rs34567530	3	121643447	rs34567530	1	chr3_121924600_A_AT_b38	ENSG00000180353.10	HCLS1	49	25	-0.0349114	0.00367446	2.07677e-21	90.271	2.50137	2.40897e-21	0.802	0.99	0.999	0.454	0.851	0.999	0.809	0.836	0.636	0.963	0.869	0.725	0.848	0.857	0.979	0.93	0.992	0.962	0.964	1	0.704	0.882	0.863	0.758	0.971	0.389	0.751	0.71	0.903	0.891	0.923	0.996	0.898	0.971	0.957	0.717	0.991	0.975	0.782	1	0.947	0.959	0.983	0.984	0.61	0.993	0.895	0.861	1
9	grey and white matter	rs13132853	4	38680015	rs13132853	1	chr4_38678394_A_G_b38	ENSG00000231160.9	KLF3-AS1	49	42	-0.103024	0.00728279	1.97006e-45	200.116	1.65982	5.02797e-45	1	0.993	0.784	1	0.977	1	0.965	0.987	1	1	1	0.987	0.973	0.988	0.95	0.996	1	0.993	0.982	1	1	0.982	0.829	0.946	1	0.948	1	0.965	1	0.974	0.886	0.983	0.978	1	1	0.894	0.903	0.175	1	1	1	0.909	0.966	1	1	0.518	0.786	0.965	1
9	white matter	rs13132853	4	38680015	rs13132853	1	chr4_38678394_A_G_b38	ENSG00000231160.9	KLF3-AS1	49	42	-0.103024	0.00728279	1.97006e-45	200.116	1.65982	5.02797e-45	1	0.993	0.784	1	0.977	1	0.965	0.987	1	1	1	0.987	0.973	0.988	0.95	0.996	1	0.993	0.982	1	1	0.982	0.829	0.946	1	0.948	1	0.965	1	0.974	0.886	0.983	0.978	1	1	0.894	0.903	0.175	1	1	1	0.909	0.966	1	1	0.518	0.786	0.965	1
9	grey matter	rs13132853	4	38680015	rs13132853	1	chr4_38678394_A_G_b38	ENSG00000231160.9	KLF3-AS1	49	42	-0.103024	0.00728279	1.97006e-45	200.116	1.65982	5.02797e-45	1	0.993	0.784	1	0.977	1	0.965	0.987	1	1	1	0.987	0.973	0.988	0.95	0.996	1	0.993	0.982	1	1	0.982	0.829	0.946	1	0.948	1	0.965	1	0.974	0.886	0.983	0.978	1	1	0.894	0.903	0.175	1	1	1	0.909	0.966	1	1	0.518	0.786	0.965	1
15	white matter	rs12287076	11	47606865	rs12287076	1	chr11_47585313_G_C_b38	ENSG00000172247.3	C1QTNF4	49	35	-0.179935	0.00739694	1.04959e-130	591.737	56.3751	5.89426e-142	1	1	0.998	0.99	1	0.993	0.974	0.905	0.018	0.998	0.983	0.911	0.073	0.586	0.332	0.201	0.986	0.816	0.1	1	1	0.902	0.227	1	0.447	1	1	1	0.968	0.983	1	1	0.741	1	1	0.03	1	1	0.075	1	1	1	1	0.302	1	1	0.098	0.982	1
15	white matter	rs12287076	11	47606865	rs12287076	1	chr11_47585313_G_C_b38	ENSG00000110514.19	MADD	49	36	0.0685817	0.00504649	4.59117e-42	184.688	4.61542	2.57353e-42	0.997	0.686	0.91	1	0.983	1	0.95	0.979	0.806	0.958	0.863	0.94	0.996	0.977	0.961	0.905	0.817	0.97	0.333	0.934	1	0.946	0.99	0.99	0.98	0.994	1	0.081	0.988	0.92	0.85	0.803	0.801	0.993	0.135	0.923	0.946	1	0.398	0.999	1	0.872	0.954	0.999	1	0.96	0.984	0.894	1
15	white matter	rs12287076	11	47606865	rs12287076	1	chr11_47585313_G_C_b38	ENSG00000175220.11	ARHGAP1	49	41	-0.0576882	0.00497884	4.81418e-31	134.251	1.32586	1.20578e-30	1	1	0.803	0.767	0.998	0.985	1	0.905	0.99	0.979	0.988	0.993	0.991	0.966	0.927	0.977	0.836	0.853	0.973	0.59	0.988	0.864	0.961	0.994	0.996	0.993	0.99	0.941	0.991	0.905	0.964	0.983	0.949	0.998	1	0.983	1	0.984	0.956	0.932	1	0.978	0.991	0.993	0.925	0.954	0.943	0.793	0.331
16	white matter	rs6488048	12	32526829	rs6488048	1	chr12_32373895_T_C_b38	ENSG00000274964.1		49	33	-0.115933	0.00786176	3.24309e-49	217.458	14.6124	1.32307e-51	1	0.71	1	1	1	0.804	0.879	0.783	0.986	0.917	0.08	0.921	0.88	1	0.967	0.504	0.997	0.993	0.901	0.831	1	0.515	0.923	1	1	0.927	0.111	1	1	0.84	1	1	0.978	0.033	1	0.859	0.986	1	0.902	0.403	0.791	0.93	0.943	1	0.991	1	0.989	0.948	0.005
17	white matter	rs12146713	12	106476805	rs12146713	1	chr12_106083027_T_C_b38	ENSG00000257890.1		15	13	-0.478612	0.0332759	6.60136e-47	206.875	2.48001	8.29219e-47	1	NA	NA	1	0.995	1	NA	NA	NA	0.891	0.992	1	NA	NA	NA	NA	NA	NA	NA	0.94	NA	NA	NA	NA	NA	NA	NA	NA	NA	NA	NA	0.12	NA	NA	1	NA	NA	NA	1	1	1	NA	NA	NA	NA	NA	0.968	0.98	NA
20	white matter	rs111854640	17	44276431	rs111854640	1	chr17_46199065_T_TAGAA_b38	ENSG00000176681.14	LRRC37A	49	45	0.645789	0.0117829	0	3003.84	174.479	0	1	1	1	1	1	1	1	1	1	1	1	1	1	1	1	1	1	1	1	1	0.082	0	1	1	1	1	1	0.964	1	1	0.983	1	0.79	1	1	1	0.984	1	1	1	1	1	1	1	0	1	1	1	1
20	white matter	rs111854640	17	44276431	rs111854640	1	chr17_46199065_T_TAGAA_b38	ENSG00000185829.17	ARL17A	49	48	0.664929	0.0115077	0	3338.69	221.114	0	1	1	1	1	1	1	1	1	1	1	1	1	1	1	1	1	1	1	1	1	1	1	1	1	1	1	1	1	1	1	1	1	1	1	1	1	1	1	1	1	1	1	1	1	1	1	1	1	0
20	white matter	rs111854640	17	44276431	rs111854640	1	chr17_46199065_T_TAGAA_b38	ENSG00000204650.14	LINC02210	49	46	1.01213	0.00477199	0	44985.6	2934.55	0	1	1	1	1	1	1	1	1	1	0	0	1	1	1	1	1	1	1	1	1	1	1	1	1	1	1	1	1	1	1	0	1	1	1	1	1	1	1	1	1	1	1	1	1	1	1	1	1	1
20	white matter	rs111854640	17	44276431	rs111854640	1	chr17_46199065_T_TAGAA_b38	ENSG00000214401.4	KANSL1-AS1	49	49	1.2152	0.00732768	0	27501.7	4.46766	0	1	1	1	1	1	1	1	1	1	1	1	1	1	1	1	1	1	1	1	1	1	1	1	1	1	1	1	1	1	1	1	1	1	1	1	1	1	1	1	1	1	1	1	1	1	1	1	1	1
20	white matter	rs111854640	17	44276431	rs111854640	1	chr17_46199065_T_TAGAA_b38	ENSG00000214425.7	LRRC37A4P	49	49	-1.17441	0.00628559	0	34909.9	103.828	0	1	1	1	1	1	1	1	1	1	1	1	1	1	1	1	1	1	1	1	1	1	1	1	1	1	1	1	1	1	1	1	1	0.982	1	1	1	1	1	1	1	1	1	1	1	1	1	1	1	1
20	white matter	rs111854640	17	44276431	rs111854640	1	chr17_46199065_T_TAGAA_b38	ENSG00000238083.7	LRRC37A2	49	48	1.05817	0.00801073	0	17448.8	146.989	0	1	1	1	1	1	1	1	1	1	1	1	1	1	1	1	1	1	1	1	1	1	1	1	1	1	1	1	1	1	1	1	1	1	1	1	1	1	1	1	1	1	1	1	1	0	1	1	1	1
20	white matter	rs111854640	17	44276431	rs111854640	1	chr17_46199065_T_TAGAA_b38	ENSG00000261575.2		48	43	0.675745	0.0111443	0	3676.73	468.779	0	1	1	0	1	1	1	1	1	1	1	1	1	1	1	1	1	1	1	1	1	1	1	1	1	1	1	1	1	1	1	0	0.349	1	0	1	1	1	1	1	1	1	1	1	0	1	1	1	1	NA
20	white matter	rs111854640	17	44276431	rs111854640	1	chr17_46199065_T_TAGAA_b38	ENSG00000262500.1	MAPK8IP1P1	37	37	1.1118	0.00985362	0	12731	10.0667	0	NA	1	1	NA	NA	NA	1	1	1	1	1	1	1	1	1	1	1	1	1	1	NA	NA	1	1	1	1	1	NA	NA	1	1	1	NA	NA	1	1	NA	1	1	1	1	1	1	NA	1	1	1	1	1
20	white matter	rs111854640	17	44276431	rs111854640	1	chr17_46199065_T_TAGAA_b38	ENSG00000262539.1		49	49	1.26265	0.00789709	0	25564.3	0	0	1	1	1	1	1	1	1	1	1	1	1	1	1	1	1	1	1	1	1	1	1	1	1	1	1	1	1	1	1	1	1	1	1	1	1	1	1	1	1	1	1	1	1	1	1	1	1	1	1
20	white matter	rs111854640	17	44276431	rs111854640	1	chr17_46199065_T_TAGAA_b38	ENSG00000263503.1	MAPK8IP1P2	49	49	1.18399	0.00791108	0	22398.6	13.0668	0	1	1	1	1	1	1	1	1	1	1	1	1	1	1	1	1	1	1	1	1	1	1	1	1	1	1	1	1	1	1	1	1	1	1	1	1	1	1	1	1	1	1	1	1	1	1	1	1	1
20	white matter	rs111854640	17	44276431	rs111854640	1	chr17_46199065_T_TAGAA_b38	ENSG00000264070.1	DND1P1	49	47	1.15527	0.0090167	0	16416.1	1091.6	0	1	1	1	1	1	1	1	1	1	1	1	1	1	1	1	1	1	1	1	1	1	1	1	1	1	1	1	1	1	1	1	1	0	1	1	1	1	1	1	1	1	1	1	1	0	1	1	1	1
20	white matter	rs111854640	17	44276431	rs111854640	1	chr17_46199065_T_TAGAA_b38	ENSG00000280022.1		49	35	0.911061	0.0100853	0	8160.51	1094.07	0	1	1	1	1	1	1	0	0	0	0	0	0.004	0	0	0	0	0	1	0	1	1	1	1	1	1	1	1	1	1	0	1	1	0	1	1	1	1	1	1	1	1	1	1	1	1	1	1	1	1
20	white matter	rs111854640	17	44276431	rs17574824	0.991	chr17_46037741_C_T_b38	ENSG00000225190.10	PLEKHM1	49	25	0.0678197	0.00527472	7.80479e-38	165.316	1101.3	2.88694e-276	1	1	1	0.999	0.76	0.574	1	1	1	0	0	1	1	0.914	0.997	1	1	0.015	0.765	1	1	0	0.943	0.925	1	0	1	0	0.913	0.975	0.003	1	0	1	0	0.403	0.054	0.995	0.125	0	0	0.162	0.009	0.679	0	0	0.902	0.063	0
20	white matter	rs111854640	17	44276431	rs111854640	1	chr17_46199065_T_TAGAA_b38	ENSG00000108379.9	WNT3	49	39	0.264823	0.00886469	4.29349e-196	892.451	341.806	3.06929e-269	1	1	1	1	1	1	1	0.971	0.569	1	0.966	1	1	0.93	0.982	0.971	0.282	0.966	0.529	1	0	1	1	1	1	0	1	1	1	1	0	1	1	1	1	1	1	1	1	0	0	0.992	1	1	1	1	1	0.688	0.07
20	white matter	rs111854640	17	44276431	rs111854640	1	chr17_46199065_T_TAGAA_b38	ENSG00000266918.1		48	44	0.383274	0.0130348	4.90804e-190	864.584	26.1022	1.18543e-194	1	1	1	1	0.617	1	1	1	1	1	1	1	1	0.994	0.814	1	1	0.698	0.992	1	1	1	1	1	1	0.105	1	1	NA	0.997	1	1	0.967	1	1	1	1	1	1	1	1	1	1	1	1	1	1	1	0.987
20	white matter	rs111854640	17	44276431	rs111854640	1	chr17_46199065_T_TAGAA_b38	ENSG00000120071.13	KANSL1	49	36	0.239226	0.00864455	1.44927e-168	765.831	60.2546	1.32578e-180	1	1	0.975	0.902	0.787	1	0.987	1	1	1	1	0.994	1	0.733	0.771	0.83	0.855	0.477	0.972	0.993	1	1	1	1	0.998	1	1	0.708	1	0.962	0.007	1	1	1	1	1	0	1	0.65	1	1	1	0.895	0.918	0.826	0.021	1	0.996	1
20	white matter	rs111854640	17	44276431	rs111854640	1	chr17_46199065_T_TAGAA_b38	ENSG00000232300.1	FAM215B	22	19	0.46705	0.0186488	2.00654e-138	627.225	57.7203	5.84211e-150	NA	NA	NA	NA	1	NA	NA	NA	NA	1	1	NA	NA	NA	NA	NA	NA	NA	NA	1	NA	NA	1	NA	1	1	1	NA	NA	NA	NA	1	0.992	NA	1	1	NA	1	1	0.004	0.992	0.655	0.992	NA	0.884	1	0.987	0.999	NA
20	white matter	rs111854640	17	44276431	rs111854640	1	chr17_46199065_T_TAGAA_b38	ENSG00000279685.2	MAPT-IT1	20	11	0.135715	0.0148659	6.89299e-20	83.3445	115.201	2.15142e-44	NA	NA	NA	NA	NA	NA	0.101	0	0.998	1	1	0.018	0	0.98	0.999	1	0.99	0.994	0.991	0	NA	NA	0.629	NA	NA	NA	NA	NA	NA	NA	0	NA	NA	0.814	NA	NA	NA	1	0.045	NA	NA	NA	NA	NA	1	NA	NA	NA	NA
20	white matter	rs111854640	17	44276431	rs62063849	0.991	chr17_45995696_T_G_b38	ENSG00000136448.11	NMT1	49	34	-0.0620525	0.005124	9.3305e-34	146.656	10.0315	3.12799e-35	0.984	0.988	0.934	0.996	0.982	0.936	0.957	0.896	1	1	0.999	0.995	0.901	0.925	0.759	0.963	0.964	0.975	0.796	0.995	1	0.87	0.942	0.995	0.972	0.966	1	0.599	1	0.695	0.942	0.982	0.942	0.215	0.996	0.82	0.975	0.862	1	0.817	0.74	0.991	0.602	0.964	1	1	0.858	0.837	0.01
20	white matter	rs111854640	17	44276431	rs62063849	0.991	chr17_45995696_T_G_b38	ENSG00000172992.11	DCAKD	49	36	0.0922532	0.00741345	1.507e-35	154.854	1.16182	4.37733e-35	1	0.826	0.986	0.978	0.996	1	0.721	0.957	0.887	0.933	0.967	1	0.926	0.984	0.957	0.866	1	0.865	0.889	0.952	0.804	0.856	0.966	0.998	0.997	1	0.993	1	0.967	0.926	0.939	0.915	0.941	0.936	1	0.984	0.842	0.433	0.938	0.98	1	0.983	0.885	0.997	0.52	1	0.964	0.836	1
20	white matter	rs111854640	17	44276431	rs242559	0.964	chr17_45948522_C_A_b38	ENSG00000267198.1		46	23	0.154048	0.013741	3.61022e-29	125.681	15.1518	8.91405e-32	0.987	0.939	0.998	0.252	0.645	0.897	0.587	0.946	0.677	0.978	1	0.991	NA	0.904	0.882	0.818	NA	0.87	0.844	0.971	0.96	0.234	0.819	0.514	0.758	1	0.945	0.691	NA	0.851	0.78	0.838	0.983	0.001	0.22	0.435	0.944	1	0.889	0.997	1	0.995	0.755	0.94	0.991	0.912	0.448	0.973	1
20	white matter	rs111854640	17	44276431	rs111854640	1	chr17_46199065_T_TAGAA_b38	ENSG00000262372.1		49	29	-0.113368	0.0105232	4.61207e-27	116.06	7.62405	4.62543e-28	0.883	0.929	0.985	0.985	0.992	0.998	0.972	0.906	0.677	0.82	0.941	0.309	0.834	0.534	0.89	0.987	0.975	0.88	0.662	0.915	0.925	0.383	0.977	0.522	0.67	0.127	1	0.998	0.95	0.888	0.807	0.966	0.837	0.994	0.676	0.84	0.977	0.911	0.783	0.974	0.98	0.966	0.966	0.999	1	1	0.902	0.954	0.009
20	white matter	rs111854640	17	44276431	rs62063849	0.991	chr17_45995696_T_G_b38	ENSG00000181513.14	ACBD4	49	33	-0.0456965	0.00521639	1.94944e-18	76.7407	0.0424597	7.19472e-18	0.993	0.993	0.914	0.99	0.695	1	0.778	0.894	0.942	0.973	0.99	0.943	0.683	0.879	0.955	0.845	0.902	0.994	0.812	0.984	0.909	0.932	0.997	0.892	0.958	0.98	0.994	0.977	0.976	0.9	0.829	0.723	0.894	0.909	1	0.954	0.954	0.936	0.935	0.994	0.974	0.896	0.898	0.744	0.671	1	0.913	0.848	0.964
20	white matter	rs111854640	17	44276431	rs62054832	0.991	chr17_45856213_C_A_b38	ENSG00000260075.1	NSFP1	49	33	-0.101043	0.0139476	4.34189e-13	52.4821	0	1.38398e-12	0.972	0.982	0.885	0.946	0.845	0.955	0.981	0.882	0.865	0.749	0.949	0.94	0.85	0.684	0.57	0.899	0.96	0.92	0.925	0.923	0.926	0.914	0.976	0.967	0.989	0.922	0.961	0.992	0.785	0.93	0.857	0.968	0.954	0.374	0.924	0.945	0.984	0.686	0.847	0.912	0.935	0.963	0.925	0.935	0.921	0.996	0.952	0.796	0.879
20	grey and white matter	rs199737620	17	44215065	rs62057121	0.949	chr17_45823394_G_A_b38	ENSG00000176681.14	LRRC37A	49	45	0.643248	0.0117932	0	2975.02	176.18	0	1	1	1	1	1	1	1	1	1	1	1	1	1	1	1	1	1	1	1	1	0.023	0	1	1	1	1	1	0.975	1	1	1	1	0.891	1	1	1	0.962	1	1	1	1	1	1	1	0	1	1	1	1
20	grey and white matter	rs199737620	17	44215065	rs62057121	0.949	chr17_45823394_G_A_b38	ENSG00000185829.17	ARL17A	49	48	0.665258	0.011506	0	3342.94	220.236	0	1	1	1	1	1	1	1	1	1	1	1	1	1	1	1	1	1	0.984	1	1	1	1	1	1	1	1	1	1	1	1	1	1	1	1	1	1	1	1	1	1	1	1	1	1	1	1	1	1	0.006
20	grey and white matter	rs199737620	17	44215065	rs62057121	0.949	chr17_45823394_G_A_b38	ENSG00000204650.14	LINC02210	49	46	1.00911	0.00480058	0	44186.1	2901.35	0	1	1	1	1	1	1	1	1	1	0	0	1	1	1	1	1	1	1	1	1	1	1	1	1	1	1	1	1	1	1	0	1	1	1	1	1	1	1	1	1	1	1	1	1	1	1	1	1	1
20	grey and white matter	rs199737620	17	44215065	rs62057121	0.949	chr17_45823394_G_A_b38	ENSG00000214401.4	KANSL1-AS1	49	49	1.21344	0.00734712	0	27277.5	3.56242	0	1	1	1	1	1	1	1	1	1	1	1	1	1	1	1	1	1	1	1	1	1	1	1	1	1	1	1	1	1	1	1	1	1	1	1	1	1	1	1	1	1	1	1	1	1	1	1	1	1
20	grey and white matter	rs199737620	17	44215065	rs62057121	0.949	chr17_45823394_G_A_b38	ENSG00000214425.7	LRRC37A4P	49	49	-1.17352	0.00629465	0	34756.6	102.801	0	1	1	1	1	1	1	1	1	1	1	1	1	1	1	1	1	1	1	1	1	1	1	1	1	1	1	1	1	1	1	1	1	1	1	1	1	1	1	1	1	1	1	1	1	1	1	1	1	1
20	grey and white matter	rs199737620	17	44215065	rs62057121	0.949	chr17_45823394_G_A_b38	ENSG00000238083.7	LRRC37A2	49	48	1.05697	0.0080259	0	17343.7	148.782	0	1	1	1	1	1	1	1	1	1	1	1	1	1	1	1	1	1	1	1	1	1	1	1	1	1	1	1	1	1	1	1	1	1	1	1	1	1	1	1	1	1	1	1	1	0	1	1	1	1
20	grey and white matter	rs199737620	17	44215065	rs62057121	0.949	chr17_45823394_G_A_b38	ENSG00000261575.2		48	43	0.675246	0.0111468	0	3669.63	467.419	0	1	1	0	1	1	1	1	1	1	1	1	1	1	1	1	1	1	1	1	1	1	1	1	1	1	1	1	1	1	0.972	0	0.396	1	0	1	1	1	1	1	1	1	1	1	0	1	1	1	1	NA
20	grey and white matter	rs199737620	17	44215065	rs62057121	0.949	chr17_45823394_G_A_b38	ENSG00000262500.1	MAPK8IP1P1	37	37	1.10987	0.00988081	0	12617	9.75598	0	NA	1	1	NA	NA	NA	1	1	1	1	1	1	1	1	1	1	1	1	1	1	NA	NA	1	1	1	1	1	NA	NA	1	1	1	NA	NA	1	1	NA	1	1	1	1	1	1	NA	1	1	1	1	1
20	grey and white matter	rs199737620	17	44215065	rs62057121	0.949	chr17_45823394_G_A_b38	ENSG00000262539.1		49	49	1.26107	0.00791263	0	25400	0	0	1	1	1	1	1	1	1	1	1	1	1	1	1	1	1	1	1	1	1	1	1	1	1	1	1	1	1	1	1	1	1	1	1	1	1	1	1	1	1	1	1	1	1	1	1	1	1	1	1
20	grey and white matter	rs199737620	17	44215065	rs62057121	0.949	chr17_45823394_G_A_b38	ENSG00000263503.1	MAPK8IP1P2	49	49	1.18185	0.00793272	0	22196.4	12.276	0	1	1	1	1	1	1	1	1	1	1	1	1	1	1	1	1	1	1	1	1	1	1	1	1	1	1	1	1	1	1	1	1	1	1	1	1	1	1	1	1	1	1	1	1	1	1	1	1	1
20	grey and white matter	rs199737620	17	44215065	rs62057121	0.949	chr17_45823394_G_A_b38	ENSG00000264070.1	DND1P1	49	47	1.15308	0.00903369	0	16292.6	1087.43	0	1	1	1	1	1	1	1	1	1	1	1	1	1	1	1	1	1	1	1	1	1	1	1	1	1	1	1	1	1	1	1	1	0	1	1	1	1	1	1	1	1	1	1	1	0	1	1	1	1
20	grey and white matter	rs199737620	17	44215065	rs62057121	0.949	chr17_45823394_G_A_b38	ENSG00000280022.1		49	35	0.908662	0.0100994	0	8094.99	1088.91	0	1	1	1	1	1	1	0	0	0	0	0	0.033	0	0	0	0	0	1	0	1	1	1	1	1	1	1	1	1	1	0	1	1	0	1	1	1	1	1	1	1	1	1	1	1	1	1	1	1	1
20	grey and white matter	rs199737620	17	44215065	rs17574824	0.943	chr17_46037741_C_T_b38	ENSG00000225190.10	PLEKHM1	49	25	0.0678197	0.00527472	7.80479e-38	165.316	1101.3	2.88694e-276	1	1	1	0.999	0.76	0.574	1	1	1	0	0	1	1	0.914	0.997	1	1	0.015	0.765	1	1	0	0.943	0.925	1	0	1	0	0.913	0.975	0.003	1	0	1	0	0.403	0.054	0.995	0.125	0	0	0.162	0.009	0.679	0	0	0.902	0.063	0
20	grey and white matter	rs199737620	17	44215065	rs112480703	0.946	chr17_46112433_T_C_b38	ENSG00000108379.9	WNT3	49	38	0.262693	0.00887482	1.50453e-192	876.146	340.822	1.74342e-265	1	0.985	1	1	1	1	1	0.903	0.411	1	0.873	1	1	0.947	0.975	1	0.261	0.978	0.375	1	0	1	1	1	1	0	1	1	1	1	0	1	1	1	1	1	1	1	0.986	0	0	1	1	1	1	1	1	0.628	0.141
20	grey and white matter	rs199737620	17	44215065	rs62057121	0.949	chr17_45823394_G_A_b38	ENSG00000266918.1		48	44	0.38468	0.0130306	1.53219e-191	871.51	26.2623	3.42926e-196	1	1	0.978	1	0.688	1	1	1	0.994	1	1	1	1	1	0.83	1	1	0.682	1	1	0.988	1	1	1	1	0.07	1	1	NA	1	1	1	0.976	1	1	1	1	1	1	1	1	1	1	1	1	1	1	1	0.981
20	grey and white matter	rs199737620	17	44215065	rs62057121	0.949	chr17_45823394_G_A_b38	ENSG00000120071.13	KANSL1	49	38	0.239571	0.00864143	3.63302e-169	768.595	59.3988	5.10731e-181	1	1	0.954	0.921	0.842	1	1	1	1	1	1	1	1	0.869	0.849	0.869	0.909	0.678	1	1	1	1	1	1	1	1	1	0.91	1	0.981	0.031	1	1	1	0.999	1	0	1	0.768	1	1	1	0.939	0.889	0.789	0.066	1	0.975	1
20	grey and white matter	rs199737620	17	44215065	rs62057121	0.949	chr17_45823394_G_A_b38	ENSG00000232300.1	FAM215B	22	20	0.466369	0.018652	5.57191e-138	625.185	57.2002	2.10071e-149	NA	NA	NA	NA	1	NA	NA	NA	NA	1	1	NA	NA	NA	NA	NA	NA	NA	NA	1	NA	NA	1	NA	1	1	1	NA	NA	NA	NA	1	0.98	NA	1	1	NA	1	1	0.012	0.987	0.631	0.995	NA	0.922	1	0.948	1	NA
20	grey and white matter	rs199737620	17	44215065	rs62057121	0.949	chr17_45823394_G_A_b38	ENSG00000279685.2	MAPT-IT1	20	11	0.135715	0.0148659	6.89299e-20	83.3445	115.201	2.15142e-44	NA	NA	NA	NA	NA	NA	0.092	0	0.992	0.993	1	0.019	0	0.987	0.996	1	0.988	0.996	0.98	0	NA	NA	0.631	NA	NA	NA	NA	NA	NA	NA	0	NA	NA	0.8	NA	NA	NA	0.999	0.038	NA	NA	NA	NA	NA	1	NA	NA	NA	NA
20	grey and white matter	rs199737620	17	44215065	rs62057121	0.949	chr17_45823394_G_A_b38	ENSG00000136448.11	NMT1	49	37	-0.0640527	0.00513234	9.57346e-36	155.756	9.69996	3.89613e-37	1	0.957	0.961	1	0.97	0.96	0.99	0.898	0.986	0.995	1	0.979	0.903	0.902	0.724	0.978	0.991	0.999	0.751	0.985	1	0.948	0.946	0.995	0.941	0.95	0.993	0.571	1	0.69	0.932	0.98	0.969	0.115	0.992	0.933	0.996	0.871	0.998	0.918	0.788	0.986	0.672	0.947	1	1	0.895	0.819	0.006
20	grey and white matter	rs199737620	17	44215065	rs62057121	0.949	chr17_45823394_G_A_b38	ENSG00000172992.11	DCAKD	49	43	0.0931459	0.00742615	4.34461e-36	157.326	1.07194	1.32974e-35	1	0.917	0.955	0.98	0.982	1	0.912	0.978	0.899	0.954	0.99	0.998	0.846	0.987	0.975	0.923	1	0.988	0.928	0.962	0.885	0.92	0.965	0.998	0.971	1	0.956	1	0.971	0.981	0.984	0.949	0.986	1	1	0.99	0.908	0.577	0.996	0.992	1	0.959	0.884	0.993	0.576	1	0.969	0.91	1
20	grey and white matter	rs199737620	17	44215065	rs242559	0.911	chr17_45948522_C_A_b38	ENSG00000267198.1		46	23	0.154048	0.013741	3.61022e-29	125.681	15.1518	8.91405e-32	0.987	0.939	0.998	0.252	0.645	0.897	0.587	0.946	0.677	0.978	1	0.991	NA	0.904	0.882	0.818	NA	0.87	0.844	0.971	0.96	0.234	0.819	0.514	0.758	1	0.945	0.691	NA	0.851	0.78	0.838	0.983	0.001	0.22	0.435	0.944	1	0.889	0.997	1	0.995	0.755	0.94	0.991	0.912	0.448	0.973	1
20	grey and white matter	rs199737620	17	44215065	rs62057121	0.949	chr17_45823394_G_A_b38	ENSG00000262372.1		49	27	-0.114035	0.0105224	2.29159e-27	117.447	7.83288	2.08163e-28	0.71	0.899	0.992	0.994	0.986	0.998	0.939	0.884	0.728	0.81	0.916	0.281	0.73	0.488	0.908	0.984	0.938	0.834	0.721	0.88	0.912	0.384	0.957	0.482	0.651	0.187	1	0.985	0.948	0.916	0.84	0.968	0.844	0.998	0.497	0.721	0.988	0.838	0.828	0.974	0.99	0.932	0.988	1	1	1	0.936	0.926	0.011
20	grey and white matter	rs199737620	17	44215065	rs55838058	0.945	chr17_45721536_C_T_b38	ENSG00000181513.14	ACBD4	49	33	-0.0452908	0.00522012	4.09172e-18	75.2766	0.0911166	1.46114e-17	0.993	1	0.853	0.991	0.608	0.996	0.792	0.909	0.955	0.976	0.982	0.969	0.593	0.883	0.913	0.921	0.796	0.928	0.75	0.996	0.931	0.925	1	0.919	0.954	0.994	0.992	0.988	0.986	0.878	0.889	0.625	0.925	0.846	1	0.943	0.974	0.962	0.911	0.983	0.986	0.816	0.863	0.801	0.714	1	0.909	0.834	0.934
20	grey and white matter	rs199737620	17	44215065	rs79857651	0.943	chr17_45936109_G_A_b38	ENSG00000260075.1	NSFP1	49	25	-0.0942977	0.013948	1.37362e-11	45.7066	0.00941787	4.10462e-11	0.971	0.946	0.861	0.918	0.735	0.973	0.976	0.808	0.876	0.584	0.835	0.867	0.859	0.708	0.524	0.929	0.874	0.862	0.84	0.927	0.911	0.923	0.962	0.956	0.98	0.888	0.939	0.948	0.753	0.884	0.854	0.939	0.957	0.274	0.931	0.923	0.979	0.675	0.886	0.883	0.914	0.919	0.918	0.928	0.889	0.961	0.903	0.763	0.864
20	grey matter	rs56072903	17	44013966	rs56072903	1	chr17_45936600_T_C_b38	ENSG00000176681.14	LRRC37A	49	45	0.643248	0.0117932	0	2975.02	176.18	0	1	1	1	1	1	1	1	1	1	1	1	1	1	1	1	1	1	1	1	1	0	0	1	1	1	1	1	1	1	1	0.954	1	0.79	1	1	1	1	1	1	1	1	1	1	1	0	1	1	1	1
20	grey matter	rs56072903	17	44013966	rs56072903	1	chr17_45936600_T_C_b38	ENSG00000185829.17	ARL17A	49	48	0.665258	0.011506	0	3342.94	220.236	0	1	1	1	1	1	1	1	1	1	1	1	1	1	1	1	1	1	0.98	1	1	1	1	1	1	1	1	1	1	1	1	1	1	1	1	1	1	1	1	1	1	1	1	1	1	1	1	1	1	0
20	grey matter	rs56072903	17	44013966	rs56072903	1	chr17_45936600_T_C_b38	ENSG00000204650.14	LINC02210	49	46	1.00911	0.00480058	0	44186.1	2901.35	0	1	1	1	1	1	1	1	1	1	0	0	1	1	1	1	1	1	1	1	1	1	1	1	1	1	1	1	1	1	1	0	1	1	1	1	1	1	1	1	1	1	1	1	1	1	1	1	1	1
20	grey matter	rs56072903	17	44013966	rs56072903	1	chr17_45936600_T_C_b38	ENSG00000214401.4	KANSL1-AS1	49	49	1.21344	0.00734712	0	27277.5	3.56242	0	1	1	1	1	1	1	1	1	1	1	1	1	1	1	1	1	1	1	1	1	1	1	1	1	1	1	1	1	1	1	1	1	1	1	1	1	1	1	1	1	1	1	1	1	1	1	1	1	1
20	grey matter	rs56072903	17	44013966	rs56072903	1	chr17_45936600_T_C_b38	ENSG00000214425.7	LRRC37A4P	49	49	-1.17352	0.00629465	0	34756.6	102.801	0	1	1	1	1	1	1	1	1	1	1	1	1	1	1	1	1	1	1	1	1	1	1	1	1	1	1	1	1	1	1	1	1	1	1	1	1	1	1	1	1	1	1	1	1	1	1	1	1	1
20	grey matter	rs56072903	17	44013966	rs56072903	1	chr17_45936600_T_C_b38	ENSG00000238083.7	LRRC37A2	49	48	1.05697	0.0080259	0	17343.7	148.782	0	1	1	1	1	1	1	1	1	1	1	1	1	1	1	1	1	1	1	1	1	1	1	1	1	1	1	1	1	1	0.989	1	1	1	1	1	1	1	1	1	1	1	1	1	1	0	1	1	1	1
20	grey matter	rs56072903	17	44013966	rs56072903	1	chr17_45936600_T_C_b38	ENSG00000261575.2		48	43	0.675246	0.0111468	0	3669.63	467.419	0	1	1	0	1	1	1	1	1	1	1	1	1	1	1	1	1	1	1	1	1	1	1	1	1	1	1	1	1	1	0.995	0	0.39	1	0	1	1	1	1	1	1	1	1	1	0	1	1	1	1	NA
20	grey matter	rs56072903	17	44013966	rs56072903	1	chr17_45936600_T_C_b38	ENSG00000262500.1	MAPK8IP1P1	37	37	1.10987	0.00988081	0	12617	9.75598	0	NA	1	1	NA	NA	NA	1	1	1	1	1	1	1	1	1	1	1	1	1	1	NA	NA	1	1	1	1	1	NA	NA	1	1	1	NA	NA	1	1	NA	1	1	1	1	1	1	NA	1	1	1	1	1
20	grey matter	rs56072903	17	44013966	rs56072903	1	chr17_45936600_T_C_b38	ENSG00000262539.1		49	49	1.26107	0.00791263	0	25400	0	0	1	1	1	1	1	1	1	1	1	1	1	1	1	1	1	1	1	1	1	1	1	1	1	1	1	1	1	1	1	1	1	1	1	1	1	1	1	1	1	1	1	1	1	1	1	1	1	1	1
20	grey matter	rs56072903	17	44013966	rs56072903	1	chr17_45936600_T_C_b38	ENSG00000263503.1	MAPK8IP1P2	49	49	1.18185	0.00793272	0	22196.4	12.276	0	1	1	1	1	1	1	1	1	1	1	1	1	1	1	1	1	1	1	1	1	1	1	1	1	1	1	1	1	1	1	1	1	1	1	1	1	1	1	1	1	1	1	1	1	1	1	1	1	1
20	grey matter	rs56072903	17	44013966	rs56072903	1	chr17_45936600_T_C_b38	ENSG00000264070.1	DND1P1	49	47	1.15308	0.00903369	0	16292.6	1087.43	0	1	1	1	1	1	1	1	1	1	1	1	1	1	1	1	1	1	1	1	1	1	1	1	1	1	1	1	1	1	1	1	1	0	1	1	1	1	1	1	1	1	1	1	1	0	1	1	1	1
20	grey matter	rs56072903	17	44013966	rs56072903	1	chr17_45936600_T_C_b38	ENSG00000280022.1		49	35	0.908662	0.0100994	0	8094.99	1088.91	0	1	1	1	1	1	1	0	0	0	0	0	0.039	0	0	0	0	0	1	0	1	1	1	1	1	1	1	1	1	1	0	1	1	0	1	1	1	1	1	1	1	1	1	1	1	1	1	1	1	1
20	grey matter	rs56072903	17	44013966	rs17691466	0.953	chr17_45890853_A_G_b38	ENSG00000225190.10	PLEKHM1	49	25	0.0674566	0.00527375	1.84056e-37	163.61	1101.89	5.05382e-276	1	1	1	1	0.812	0.652	1	1	1	0	0	1	1	0.944	1	1	1	0.042	0.928	1	1	0	0.942	0.823	1	0	1	0	0.917	0.989	0	1	0	1	0.032	0.414	0	0.994	0.13	0	0	0.159	0	0.647	0	0	0.931	0.063	0
20	grey matter	rs56072903	17	44013966	rs56072903	1	chr17_45936600_T_C_b38	ENSG00000108379.9	WNT3	49	38	0.265	0.0088617	1.75003e-196	894.244	345.603	1.87584e-270	1	1	1	1	1	1	1	0.979	0.164	1	0.978	1	0.972	0.934	1	0.985	0.196	0.897	0.546	1	0	1	1	1	1	0	1	1	1	1	0	1	0.995	1	1	1	1	1	1	0	0	1	1	1	1	1	1	0.514	0.045
20	grey matter	rs56072903	17	44013966	rs56072903	1	chr17_45936600_T_C_b38	ENSG00000266918.1		48	43	0.38468	0.0130306	1.53219e-191	871.51	26.2623	3.42926e-196	1	1	0.958	1	0.483	1	1	1	1	1	1	1	1	1	0.87	1	0.995	0.645	1	1	0.998	1	1	1	1	0.04	1	1	NA	1	1	1	0.899	1	1	1	1	1	1	1	1	1	1	1	1	1	1	1	1
20	grey matter	rs56072903	17	44013966	rs56072903	1	chr17_45936600_T_C_b38	ENSG00000120071.13	KANSL1	49	39	0.239571	0.00864143	3.63302e-169	768.595	59.3988	5.10731e-181	1	1	0.97	0.922	0.974	1	0.994	1	1	1	1	1	1	0.858	0.866	0.842	0.961	0.679	0.985	1	1	1	1	1	0.987	1	0.997	0.887	1	0.905	0.007	1	1	1	0.991	1	0	1	0.699	1	1	1	0.964	0.975	0.834	0.076	1	0.977	1
20	grey matter	rs56072903	17	44013966	rs56072903	1	chr17_45936600_T_C_b38	ENSG00000232300.1	FAM215B	22	19	0.466369	0.018652	5.57191e-138	625.185	57.2002	2.10071e-149	NA	NA	NA	NA	1	NA	NA	NA	NA	1	1	NA	NA	NA	NA	NA	NA	NA	NA	1	NA	NA	1	NA	1	1	1	NA	NA	NA	NA	1	0.986	NA	1	1	NA	1	1	0.008	0.985	0.662	1	NA	0.867	1	0.973	0.996	NA
20	grey matter	rs56072903	17	44013966	rs56072903	1	chr17_45936600_T_C_b38	ENSG00000279685.2	MAPT-IT1	20	11	0.135715	0.0148659	6.89299e-20	83.3445	115.201	2.15142e-44	NA	NA	NA	NA	NA	NA	0.054	0	0.998	0.996	1	0.021	0	0.982	0.998	0.991	0.992	0.985	0.992	0	NA	NA	0.58	NA	NA	NA	NA	NA	NA	NA	0	NA	NA	0.845	NA	NA	NA	1	0.036	NA	NA	NA	NA	NA	1	NA	NA	NA	NA
20	grey matter	rs56072903	17	44013966	rs56072903	1	chr17_45936600_T_C_b38	ENSG00000136448.11	NMT1	49	34	-0.0640527	0.00513234	9.57346e-36	155.756	9.69996	3.89613e-37	0.986	0.996	0.966	1	0.994	0.969	0.974	0.843	0.998	1	1	0.995	0.979	0.973	0.874	0.97	0.977	1	0.878	0.906	1	0.89	0.988	1	0.986	0.943	1	0.623	0.986	0.808	0.918	0.99	0.963	0.136	0.999	0.854	0.984	0.899	1	0.881	0.808	0.998	0.616	0.982	1	1	0.84	0.89	0.061
20	grey matter	rs56072903	17	44013966	rs56072903	1	chr17_45936600_T_C_b38	ENSG00000172992.11	DCAKD	49	42	0.0931459	0.00742615	4.34461e-36	157.326	1.07194	1.32974e-35	1	0.906	0.979	0.971	0.973	1	0.894	0.971	0.916	0.997	0.994	0.993	0.94	0.936	0.955	0.896	1	0.987	0.838	0.939	0.957	0.895	0.981	1	0.99	1	0.999	1	0.994	0.919	0.991	0.994	0.969	0.99	1	0.995	0.916	0.53	0.992	1	0.994	0.988	0.972	1	0.529	1	0.98	0.88	0.992
20	grey matter	rs56072903	17	44013966	rs242559	0.923	chr17_45948522_C_A_b38	ENSG00000267198.1		46	23	0.154048	0.013741	3.61022e-29	125.681	15.1518	8.91405e-32	0.987	0.939	0.998	0.252	0.645	0.897	0.587	0.946	0.677	0.978	1	0.991	NA	0.904	0.882	0.818	NA	0.87	0.844	0.971	0.96	0.234	0.819	0.514	0.758	1	0.945	0.691	NA	0.851	0.78	0.838	0.983	0.001	0.22	0.435	0.944	1	0.889	0.997	1	0.995	0.755	0.94	0.991	0.912	0.448	0.973	1
20	grey matter	rs56072903	17	44013966	rs56072903	1	chr17_45936600_T_C_b38	ENSG00000262372.1		49	28	-0.114035	0.0105224	2.29159e-27	117.447	7.83288	2.08163e-28	0.764	0.893	0.993	0.991	0.925	0.995	0.939	0.878	0.685	0.849	0.969	0.372	0.825	0.323	0.859	0.97	0.972	0.912	0.727	0.882	0.908	0.264	0.955	0.518	0.852	0.172	1	0.992	0.956	0.895	0.802	0.981	0.929	1	0.524	0.823	0.964	0.916	0.784	0.97	0.97	0.935	0.976	0.989	1	1	0.961	0.954	0.016
20	grey matter	rs56072903	17	44013966	rs56072903	1	chr17_45936600_T_C_b38	ENSG00000181513.14	ACBD4	49	26	-0.0452232	0.0052263	5.01594e-18	74.8746	0.0556501	1.81889e-17	0.988	0.979	0.881	0.958	0.407	0.997	0.598	0.834	0.953	0.973	0.993	0.921	0.437	0.856	0.867	0.773	0.76	0.9	0.539	0.951	0.848	0.842	0.981	0.811	0.932	0.973	0.986	0.963	0.976	0.86	0.813	0.466	0.876	0.779	1	0.921	0.906	0.917	0.954	0.995	0.964	0.735	0.78	0.554	0.61	1	0.913	0.773	0.927
20	grey matter	rs56072903	17	44013966	rs56072903	1	chr17_45936600_T_C_b38	ENSG00000260075.1	NSFP1	49	25	-0.0942977	0.013948	1.37362e-11	45.7066	0.00941787	4.10462e-11	0.897	0.96	0.872	0.901	0.832	0.974	0.965	0.817	0.86	0.706	0.862	0.884	0.86	0.726	0.611	0.898	0.864	0.902	0.83	0.862	0.845	0.954	0.953	0.992	0.999	0.891	0.941	0.966	0.794	0.936	0.869	0.931	0.962	0.256	0.94	0.923	0.975	0.796	0.887	0.934	0.909	0.946	0.891	0.943	0.939	0.996	0.909	0.799	0.931
21	grey matter	rs3833085	17	73872969	rs3833085	1	chr17_75876888_A_AG_b38	ENSG00000141569.10	TRIM65	49	43	0.205998	0.00736004	2.22511e-172	783.372	91.2284	3.86694e-191	1	0.789	1	1	0.612	1	1	1	1	0.965	1	1	1	0.92	1	1	0.966	0.983	1	1	1	1	1	1	1	1	1	1	1	1	1	0	0.992	1	1	0.964	0.792	1	1	1	1	1	1	1	0.806	1	0.926	1	0
21	grey matter	rs3833085	17	73872969	rs116044941	0.975	chr17_75878603_G_C_b38	ENSG00000132481.6	TRIM47	49	25	-0.142545	0.00704389	4.64666e-91	409.527	455.982	3.64384e-189	0	1	0	1	0.734	1	1	1	1	1	1	1	1	1	0.91	1	1	0.997	0.976	0	0	0	0	0	0	1	0	0	0	0.367	0.975	0.995	0.908	0	1	0.009	0.997	0.779	0.021	1	1	0.05	0	0.038	0	1	0	0.034	0
21	grey matter	rs3833085	17	73872969	rs3833085	1	chr17_75876888_A_AG_b38	ENSG00000188878.19	FBF1	49	38	0.167773	0.00753012	5.73777e-110	496.412	111.117	3.83354e-133	1	1	0.277	1	0.997	1	0.927	0.993	0.987	1	0.976	1	1	1	1	1	0.929	0.981	0.184	1	0.636	0.006	1	1	1	0.98	1	1	0.967	0.918	1	0.991	0.74	1	1	1	0.673	1	0.206	0	1	0.544	0.069	1	1	0.939	1	0.991	0
21	grey matter	rs3833085	17	73872969	rs3833085	1	chr17_75876888_A_AG_b38	ENSG00000257949.6	TEN1	49	48	-0.152996	0.00824375	6.88852e-77	344.439	7.5094	1.21972e-77	1	1	1	1	0.981	0.997	0.992	1	0.994	0.98	1	1	1	1	0.947	1	1	0.998	0.925	1	1	1	1	1	1	0.992	1	1	1	0.992	1	0.996	1	1	1	0.971	1	1	1	1	0.995	0.895	1	0.992	0.995	1	1	0.967	0.962
21	grey matter	rs3833085	17	73872969	rs3833085	1	chr17_75876888_A_AG_b38	ENSG00000204316.12	MRPL38	49	30	-0.073619	0.00584254	2.09753e-36	158.773	74.3574	7.78487e-52	1	1	0.846	0.989	0.954	0.963	0.938	0.827	1	0.855	0.963	0.996	0.966	0.95	0.7	0.989	0.713	0.601	0.914	1	0	0.035	0.594	0.537	0.999	0.952	0.901	0.891	0.146	0.761	0.883	1	0.92	0	1	0.556	1	0.998	0.997	1	1	0.98	0.974	0.977	1	1	0.52	0.878	0.056
21	grey matter	rs3833085	17	73872969	rs9889965	0.979	chr17_75878689_A_G_b38	ENSG00000092929.11	UNC13D	49	25	-0.0664822	0.00635191	1.23126e-25	109.547	50.8798	4.81869e-36	0.486	1	0.895	0.811	0.928	0.984	0.955	0.989	0.965	0.822	0.839	0.953	0.95	0.988	0.856	0.921	0.931	0.889	0.952	0.718	0.413	0.819	0.92	0.686	0.81	0.978	0.993	0.864	0.545	0.633	0.955	0	0.823	0.847	0.988	0.577	0.993	0.987	0.744	0.973	0.959	0.976	0	0.923	1	0.065	0.701	0.875	1
21	grey matter	rs3833085	17	73872969	rs4072479	0.979	chr17_75878057_G_C_b38	ENSG00000267342.1		49	36	-0.0787144	0.00872703	1.88759e-19	81.3534	0.403751	5.96825e-19	1	0.986	0.767	0.961	0.967	0.998	0.894	0.905	0.93	0.953	0.973	0.948	0.804	0.968	0.938	0.948	0.948	0.695	0.772	0.974	0.94	0.92	0.92	0.975	0.91	0.961	0.936	0.581	0.923	0.793	0.918	0.995	0.823	0.495	0.84	0.789	0.939	0.992	0.942	0.981	0.994	0.855	0.996	0.983	0.988	0.994	0.852	0.993	0.964
21	grey matter	rs3833085	17	73872969	rs9889965	0.979	chr17_75878689_A_G_b38	ENSG00000250506.7	CDK3	49	29	-0.05927	0.00753834	3.76629e-15	61.8184	4.94727	1.0834e-15	0.797	0.989	0.497	0.985	0.98	0.921	0.783	0.983	0.925	0.934	0.973	0.979	0.963	0.901	0.936	0.926	0.978	0.937	0.854	0.948	0.77	0.862	0.965	0.818	0.914	0.12	0.98	0.923	0.791	0.941	0.771	0.914	0.819	0.327	0.883	0.956	0.587	0.98	0.977	0.713	0.638	0.872	0.803	0.471	0.963	0.982	0.932	0.912	0.262
21	grey and white matter	rs3833085	17	73872969	rs3833085	1	chr17_75876888_A_AG_b38	ENSG00000141569.10	TRIM65	49	43	0.205998	0.00736004	2.22511e-172	783.372	91.2284	3.86694e-191	1	0.789	1	1	0.612	1	1	1	1	0.965	1	1	1	0.92	1	1	0.966	0.983	1	1	1	1	1	1	1	1	1	1	1	1	1	0	0.992	1	1	0.964	0.792	1	1	1	1	1	1	1	0.806	1	0.926	1	0
21	grey and white matter	rs3833085	17	73872969	rs116044941	0.975	chr17_75878603_G_C_b38	ENSG00000132481.6	TRIM47	49	25	-0.142545	0.00704389	4.64666e-91	409.527	455.982	3.64384e-189	0	1	0	1	0.734	1	1	1	1	1	1	1	1	1	0.91	1	1	0.997	0.976	0	0	0	0	0	0	1	0	0	0	0.367	0.975	0.995	0.908	0	1	0.009	0.997	0.779	0.021	1	1	0.05	0	0.038	0	1	0	0.034	0
21	grey and white matter	rs3833085	17	73872969	rs3833085	1	chr17_75876888_A_AG_b38	ENSG00000188878.19	FBF1	49	38	0.167773	0.00753012	5.73777e-110	496.412	111.117	3.83354e-133	1	1	0.277	1	0.997	1	0.927	0.993	0.987	1	0.976	1	1	1	1	1	0.929	0.981	0.184	1	0.636	0.006	1	1	1	0.98	1	1	0.967	0.918	1	0.991	0.74	1	1	1	0.673	1	0.206	0	1	0.544	0.069	1	1	0.939	1	0.991	0
21	grey and white matter	rs3833085	17	73872969	rs3833085	1	chr17_75876888_A_AG_b38	ENSG00000257949.6	TEN1	49	48	-0.152996	0.00824375	6.88852e-77	344.439	7.5094	1.21972e-77	1	1	1	1	0.981	0.997	0.992	1	0.994	0.98	1	1	1	1	0.947	1	1	0.998	0.925	1	1	1	1	1	1	0.992	1	1	1	0.992	1	0.996	1	1	1	0.971	1	1	1	1	0.995	0.895	1	0.992	0.995	1	1	0.967	0.962
21	grey and white matter	rs3833085	17	73872969	rs3833085	1	chr17_75876888_A_AG_b38	ENSG00000204316.12	MRPL38	49	30	-0.073619	0.00584254	2.09753e-36	158.773	74.3574	7.78487e-52	1	1	0.846	0.989	0.954	0.963	0.938	0.827	1	0.855	0.963	0.996	0.966	0.95	0.7	0.989	0.713	0.601	0.914	1	0	0.035	0.594	0.537	0.999	0.952	0.901	0.891	0.146	0.761	0.883	1	0.92	0	1	0.556	1	0.998	0.997	1	1	0.98	0.974	0.977	1	1	0.52	0.878	0.056
21	grey and white matter	rs3833085	17	73872969	rs9889965	0.979	chr17_75878689_A_G_b38	ENSG00000092929.11	UNC13D	49	25	-0.0664822	0.00635191	1.23126e-25	109.547	50.8798	4.81869e-36	0.486	1	0.895	0.811	0.928	0.984	0.955	0.989	0.965	0.822	0.839	0.953	0.95	0.988	0.856	0.921	0.931	0.889	0.952	0.718	0.413	0.819	0.92	0.686	0.81	0.978	0.993	0.864	0.545	0.633	0.955	0	0.823	0.847	0.988	0.577	0.993	0.987	0.744	0.973	0.959	0.976	0	0.923	1	0.065	0.701	0.875	1
21	grey and white matter	rs3833085	17	73872969	rs4072479	0.979	chr17_75878057_G_C_b38	ENSG00000267342.1		49	36	-0.0787144	0.00872703	1.88759e-19	81.3534	0.403751	5.96825e-19	1	0.986	0.767	0.961	0.967	0.998	0.894	0.905	0.93	0.953	0.973	0.948	0.804	0.968	0.938	0.948	0.948	0.695	0.772	0.974	0.94	0.92	0.92	0.975	0.91	0.961	0.936	0.581	0.923	0.793	0.918	0.995	0.823	0.495	0.84	0.789	0.939	0.992	0.942	0.981	0.994	0.855	0.996	0.983	0.988	0.994	0.852	0.993	0.964
21	grey and white matter	rs3833085	17	73872969	rs9889965	0.979	chr17_75878689_A_G_b38	ENSG00000250506.7	CDK3	49	29	-0.05927	0.00753834	3.76629e-15	61.8184	4.94727	1.0834e-15	0.797	0.989	0.497	0.985	0.98	0.921	0.783	0.983	0.925	0.934	0.973	0.979	0.963	0.901	0.936	0.926	0.978	0.937	0.854	0.948	0.77	0.862	0.965	0.818	0.914	0.12	0.98	0.923	0.791	0.941	0.771	0.914	0.819	0.327	0.883	0.956	0.587	0.98	0.977	0.713	0.638	0.872	0.803	0.471	0.963	0.982	0.932	0.912	0.262
23	white matter	rs142739979	22	38483155	rs142739979	1	chr22_38087148_T_TTCATGGGTG_b38	ENSG00000100106.19	TRIOBP	49	31	-0.0546618	0.00561492	2.13599e-22	94.7723	0.820793	5.87278e-22	0.874	0.946	0.615	0.943	0.926	0.934	0.922	0.707	0.966	0.868	0.989	0.983	0.948	0.999	0.989	0.986	0.993	0.918	0.907	0.774	0.997	0.968	0.938	0.961	0.996	0.795	0.975	0.528	0.886	0.878	0.805	0.925	0.992	0.998	0.993	0.949	0.648	0.899	0.698	0.922	0.999	0.865	0.148	0.749	0.914	1	0.891	0.924	0.799
23	grey and white matter	rs142739979	22	38483155	rs142739979	1	chr22_38087148_T_TTCATGGGTG_b38	ENSG00000100106.19	TRIOBP	49	31	-0.0546618	0.00561492	2.13599e-22	94.7723	0.820793	5.87278e-22	0.874	0.946	0.615	0.943	0.926	0.934	0.922	0.707	0.966	0.868	0.989	0.983	0.948	0.999	0.989	0.986	0.993	0.918	0.907	0.774	0.997	0.968	0.938	0.961	0.996	0.795	0.975	0.528	0.886	0.878	0.805	0.925	0.992	0.998	0.993	0.949	0.648	0.899	0.698	0.922	0.999	0.865	0.148	0.749	0.914	1	0.891	0.924	0.799
24	grey matter	rs5979992	X	13893318	rs5979992	1	chrX_13875199_C_G_b38	ENSG00000046647.13	GEMIN8	49	42	0.0743456	0.00584092	4.11195e-37	162.012	0	2.18094e-36	0.998	1	0.996	0.993	0.997	1	0.98	1	0.983	0.918	0.848	1	0.996	0.993	0.981	0.998	0.997	0.991	0.971	1	0.842	0.978	0.997	0.87	1	0.999	1	0.973	0.969	0.882	0.999	0.898	0.988	0.998	0.985	0.892	0.97	1	0.983	1	1	0.976	0.978	1	1	1	0.857	1	1
25	white matter	rs377113838	XY	2120556	rs377113838	1	chrX_2202556_T_C_b38	ENSG00000169084.13	DHRSX	49	46	0.137938	0.00635733	2.16882e-104	470.779	0.79448	1.28115e-103	1	1	0.739	1	0.999	1	1	1	1	1	1	1	1	0.992	1	1	1	0.941	1	1	1	0.996	0.994	1	1	1	1	1	1	1	1	1	0.077	1	1	0.998	1	1	1	1	1	0.996	0.993	1	0.116	1	0.994	0.963	1
25	white matter	rs377113838	XY	2120556	rs377113838	1	chrX_2202556_T_C_b38	ENSG00000223571.6	DHRSX-IT1	34	30	0.138649	0.0143588	4.6353e-22	93.2387	0	1.90758e-21	NA	0.995	NA	NA	0.849	NA	0.959	0.795	0.932	0.96	0.989	0.935	0.858	NA	0.97	0.958	0.907	0.946	0.926	NA	0.999	0.994	0.969	0.992	NA	NA	NA	0.996	0.998	0.971	0.896	0.998	0.97	0.985	NA	0.984	NA	0.996	0.994	NA	NA	0.952	0.993	NA	0.993	0.991	0.98	NA	1
25	grey and white matter	rs62595479	XY	2163736	rs62595479	1	chrX_2245695_T_C_b38	ENSG00000169084.13	DHRSX	49	45	0.116532	0.00657996	3.50037e-70	313.65	0.0633915	2.45445e-69	1	0.984	0.861	1	0.993	1	1	0.998	1	0.99	0.997	1	1	0.98	0.973	0.996	1	0.937	1	1	1	1	1	1	0.972	0.997	1	1	1	0.949	1	1	0.232	1	1	1	1	1	0.966	1	1	0.894	1	0.993	0.673	1	0.918	0.97	1
25	grey and white matter	rs62595479	XY	2163736	rs62595479	1	chrX_2245695_T_C_b38	ENSG00000223571.6	DHRSX-IT1	34	26	0.134165	0.0147484	9.29363e-20	82.7538	0	3.62422e-19	NA	0.998	NA	NA	0.866	NA	0.961	0.863	0.98	0.973	0.976	0.949	0.783	NA	0.971	0.887	0.862	0.955	0.85	NA	0.999	0.995	0.97	0.997	NA	NA	NA	0.968	0.985	0.917	0.894	1	0.944	0.952	NA	0.968	NA	0.989	0.983	NA	NA	0.973	0.982	NA	0.839	1	0.938	NA	1
