locus	trait	sbayes_count	finemap_count	total_count	overlap_count	prop_overlap	prop_sbayes_in_finemap	prop_finemap_in_sbayes
1	white matter	3	21	21	3	0.142857142857143	1	0.142857142857143
2	white matter	6	5	10	1	0.1	0.166666666666667	0.2
2	grey and white matter	9	4	11	2	0.181818181818182	0.222222222222222	0.5
3	white matter	6	30	31	5	0.161290322580645	0.833333333333333	0.166666666666667
3	grey and white matter	2	35	35	2	0.0571428571428571	1	0.0571428571428571
5	grey matter	7	2	7	2	0.285714285714286	0.285714285714286	1
5	white matter	6	9	11	4	0.363636363636364	0.666666666666667	0.444444444444444
7	grey matter	5	171	172	4	0.0232558139534884	0.8	0.0233918128654971
8	white matter	32	66	77	21	0.272727272727273	0.65625	0.318181818181818
8	grey and white matter	11	115	117	9	0.0769230769230769	0.818181818181818	0.0782608695652174
9	grey matter	17	436	439	14	0.0318906605922551	0.823529411764706	0.0321100917431193
9	grey and white matter	16	279	281	14	0.0498220640569395	0.875	0.050179211469534
10	grey matter	8	523	523	8	0.0152963671128107	1	0.0152963671128107
10	grey and white matter	6	123	123	6	0.048780487804878	1	0.048780487804878
11	grey and white matter	6	264	265	5	0.0188679245283019	0.833333333333333	0.0189393939393939
11	grey matter	9	267	267	9	0.0337078651685393	1	0.0337078651685393
11	white matter	5	253	254	4	0.015748031496063	0.8	0.0158102766798419
12	white matter	11	94	95	10	0.105263157894737	0.909090909090909	0.106382978723404
13	white matter	14	139	140	13	0.0928571428571429	0.928571428571429	0.0935251798561151
14	white matter	7	7	8	6	0.75	0.857142857142857	0.857142857142857
14	grey and white matter	5	7	8	4	0.5	0.8	0.571428571428571
15	grey and white matter	15	26	33	8	0.242424242424242	0.533333333333333	0.307692307692308
16	white matter	12	37	37	12	0.324324324324324	1	0.324324324324324
17	grey and white matter	12	121	123	10	0.0813008130081301	0.833333333333333	0.0826446280991736
18	grey and white matter	1	12	12	1	0.0833333333333333	1	0.0833333333333333
18	white matter	1	12	12	1	0.0833333333333333	1	0.0833333333333333
18	grey matter	2	13	14	1	0.0714285714285714	0.5	0.0769230769230769
19	white matter	8	25	25	8	0.32	1	0.32
19	grey and white matter	11	28	30	9	0.3	0.818181818181818	0.321428571428571
20	grey and white matter	18	89	89	18	0.202247191011236	1	0.202247191011236
21	grey matter	12	18	23	7	0.304347826086957	0.583333333333333	0.388888888888889
22	grey matter	15	37	40	12	0.3	0.8	0.324324324324324
22	grey and white matter	15	51	56	10	0.178571428571429	0.666666666666667	0.196078431372549
23	grey and white matter	12	35	38	9	0.236842105263158	0.75	0.257142857142857
23	white matter	12	35	38	9	0.236842105263158	0.75	0.257142857142857
25	grey and white matter	2	35	35	2	0.0571428571428571	1	0.0571428571428571
25	white matter	5	36	37	4	0.108108108108108	0.8	0.111111111111111
25	grey matter	39	39	55	23	0.418181818181818	0.58974358974359	0.58974358974359
26	grey matter	10	92	94	8	0.0851063829787234	0.8	0.0869565217391304
26	grey and white matter	9	91	95	5	0.0526315789473684	0.555555555555556	0.0549450549450549
27	grey and white matter	17	106	112	11	0.0982142857142857	0.647058823529412	0.10377358490566
27	grey matter	26	106	118	14	0.11864406779661	0.538461538461538	0.132075471698113
28	grey matter	11	95	100	6	0.06	0.545454545454545	0.0631578947368421
30	white matter	4	15	16	3	0.1875	0.75	0.2
30	grey and white matter	3	15	15	3	0.2	1	0.2
31	grey matter	12	60	69	3	0.0434782608695652	0.25	0.05
36	grey and white matter	16	3	16	3	0.1875	0.1875	1
36	grey matter	17	8	22	3	0.136363636363636	0.176470588235294	0.375
37	white matter	3	16	18	1	0.0555555555555556	0.333333333333333	0.0625
37	grey and white matter	10	33	37	6	0.162162162162162	0.6	0.181818181818182
38	grey and white matter	17	162	164	15	0.0914634146341463	0.88235294117647	0.0925925925925926
39	white matter	18	50	51	17	0.333333333333333	0.944444444444444	0.34
40	white matter	1	1	1	1	1	1	1
40	grey and white matter	1	1	1	1	1	1	1
41	white matter	15	114	122	7	0.0573770491803279	0.466666666666667	0.0614035087719298
42	white matter	8	5	10	3	0.3	0.375	0.6
42	grey and white matter	27	7	27	7	0.259259259259259	0.259259259259259	1
43	white matter	23	85	92	16	0.173913043478261	0.695652173913043	0.188235294117647
43	grey and white matter	8	122	122	8	0.0655737704918033	1	0.0655737704918033
44	white matter	9	51	51	9	0.176470588235294	1	0.176470588235294
44	grey and white matter	11	53	54	10	0.185185185185185	0.909090909090909	0.188679245283019
45	grey matter	39	67	82	24	0.292682926829268	0.615384615384615	0.358208955223881
46	grey matter	6	14	16	4	0.25	0.666666666666667	0.285714285714286
46	grey and white matter	13	29	34	8	0.235294117647059	0.615384615384615	0.275862068965517
47	white matter	30	47	59	18	0.305084745762712	0.6	0.382978723404255
47	grey and white matter	4	48	49	3	0.0612244897959184	0.75	0.0625
48	grey matter	10	43	43	10	0.232558139534884	1	0.232558139534884
48	grey and white matter	3	13	13	3	0.230769230769231	1	0.230769230769231
49	white matter	5	1750	1754	1	0.000570125427594071	0.2	0.000571428571428571
49	grey and white matter	8	1688	1696	0	0	0	0
49	grey matter	5	1794	1799	0	0	0	0
50	grey matter	4	14	14	4	0.285714285714286	1	0.285714285714286
50	grey and white matter	4	23	23	4	0.173913043478261	1	0.173913043478261
51	white matter	18	20	24	14	0.583333333333333	0.777777777777778	0.7
52	grey and white matter	7	69	70	6	0.0857142857142857	0.857142857142857	0.0869565217391304
53	grey and white matter	4	4	5	3	0.6	0.75	0.75
53	white matter	4	6	7	3	0.428571428571429	0.75	0.5
54	grey matter	9	86	90	5	0.0555555555555556	0.555555555555556	0.0581395348837209
55	white matter	23	8	25	6	0.24	0.260869565217391	0.75
55	grey and white matter	7	11	12	6	0.5	0.857142857142857	0.545454545454545
