annotation	Prop._SNPs	top_Enrichment	top_Enrichment_p	top_Enrichment_FDR	NA	gap_gm_Prop._h2	gap_gm_Enrichment	gap_gm_Enrichment_p	gap_gm_Enrichment_FDR	NA.1	gap_wm_Prop._h2	gap_wm_Enrichment	gap_wm_Enrichment_p	gap_wm_Enrichment_FDR	NA.2	gap_gwm_Prop._h2	gap_gwm_Enrichment	gap_gwm_Enrichment_p	gap_gwm_Enrichment_FDR
Super Enhancer (Hnisz)	0.167206746204891	2.88420789824949	2.6248471769533e-14	8.13702624855524e-13		0.449252732426199	2.6868098484238	4.74192587771384e-13	1.46999702209129e-11		0.482259018044744	2.88420789824949	1.10441143750343e-12	3.42367545626063e-11		0.47310031726937	2.82943318979275	2.6248471769533e-14	8.13702624855524e-13
H3K27ac (Hnisz)	0.389043808427187	2.01400738404099	5.0925926275399e-09	7.89351857268684e-08		0.713807023454442	1.83477286617206	8.21819974119955e-08	1.27382095988593e-06		0.783537102887784	2.01400738404099	8.78595405529277e-09	1.36182287857038e-07		0.762411905559591	1.9597070793694	5.0925926275399e-09	7.89351857268684e-08
Conserved (Mammal)	0.0214394549784698	15.4061717961566	6.7933911512146e-06	7.01983752292176e-05		0.33029992661427	15.4061717961566	6.7933911512146e-06	7.01983752292176e-05		0.263016616508341	12.2678779275159	0.00393243418699198	0.0243810919593503		0.297863589725047	13.8932444889187	0.000186256907098546	0.00192465470668498
Conserved (Vertebrate)	0.0294360542974948	10.2784914610444	6.45746247142537e-05	0.000500453341535466		0.302558232743641	10.2784914610444	6.45746247142537e-05	0.000500453341535466		0.17059555945985	5.79546286114741	0.0895360792116924	0.210303941086137		0.23030319141398	7.82384721425044	0.00603336426411529	0.0233792865234467
Conserved (Lindblad-Toh)	0.0246705380614743	11.5713815950537	0.00057041107119956	0.00353654864143727		0.285472210064615	11.5713815950537	0.00057041107119956	0.00353654864143727		0.236407624062759	9.58258889504866	0.0198792737914624	0.0616257487535335		0.256500414781389	10.3970336659152	0.00598189829973811	0.0233792865234467
H3K27ac (PGC2)	0.268521272457252	2.44798289749723	0.000464380554012826	0.0035989492935994		0.595477713137097	2.21761839457951	0.00560411330936015	0.0248182160843093		0.647425409644444	2.41107679745378	0.00108292233583934	0.00839264810275485		0.657335482589546	2.44798289749723	0.000464380554012826	0.0035989492935994
Conserved (Primate)	0.0192690716687812	13.7364081000726	0.000954194440680952	0.00826051654463589		0.255901771056879	13.2804410848437	0.00159880965380049	0.00826051654463589		0.264687832151925	13.7364081000726	0.000954194440680952	0.00839264810275485		0.243997442741645	12.6626464904875	0.00199807979460018	0.0123880947265211
H3K4me1	0.423455069727212	1.87305346069363	0.00507643983008507	0.0233792865234467		0.741170890327909	1.75029405316925	0.0142300791460287	0.0490147170585434		0.789967405705406	1.86552827485168	0.00590319156061142	0.030499823063159		0.793153983800818	1.87305346069363	0.00507643983008507	0.0233792865234467
H3K9ac	0.125302311178078	3.34409726080607	0.00691964761076594	0.0306441537048206		0.353748667985778	2.82316155751537	0.0139262189309902	0.0490147170585434		0.41902311558328	3.34409726080607	0.00691964761076594	0.0306441537048206		0.366127123337707	2.92195028084815	0.0132829638610012	0.0374338072446398
Flanking Bivalent TSS/Enhancer	0.013549378568832	10.9246483370464	0.00894227233940057	0.0317315665119786		0.100416974546033	7.41118672239511	0.05933250363256	0.132891336438374		0.148022196050003	10.9246483370464	0.00894227233940057	0.0317315665119786		0.126668797301689	9.34867947324673	0.0109248053114675	0.0338668964655493
Weak Enhancer	0.0209056661632411	10.5369125320077	0.0092123902776712	0.0317315665119786		0.148455704117425	7.10121853846772	0.0544746699769772	0.132891336438374		0.220281175785424	10.5369125320077	0.0092123902776712	0.0317315665119786		0.207461478929569	9.92369615536834	0.00954474276893825	0.0328763362041206
Transcription Factor Binding Site	0.130971510741451	3.35031172833883	0.0315099319013043	0.0906910974311674		0.43879538851534	3.35031172833883	0.0315099319013043	0.0906910974311674		0.228129129295352	1.74182253838163	0.496672964791613	0.549887925305		0.309294964606564	2.36154384152396	0.179355601716065	0.306993928951545
DNase I hypersensitive sites	0.165742769149422	3.07171843734142	0.0321807119917046	0.0906910974311674		0.509115119852302	3.07171843734142	0.0321807119917046	0.0906910974311674		0.39267462251285	2.36918101783881	0.224360757713105	0.366062288900329		0.406512038512019	2.45266831607921	0.133304057212122	0.270280400153356
Transcription Start Site	0.0178069398920579	8.38019417194064	0.0600154422624916	0.132891336438374		0.149225613903521	8.38019417194064	0.0600154422624916	0.132891336438374		0.0603776971962929	3.39068349544	0.406110479703759	0.503576994832662		0.111995636427808	6.28943755112912	0.110020685962052	0.243617233201687
Fetal DNase I hypersensitive sites	0.0836828878411061	3.74202862053036	0.0699024419467944	0.144465046690042		0.313143761350051	3.74202862053036	0.0699024419467944	0.144465046690042		0.247682856955813	2.95977903422864	0.252285194962596	0.372421002087642		0.250187631891571	2.98971078013724	0.198060599323577	0.306993928951545
Digital Genomic Footprint	0.135362603144791	3.19966255746521	0.0777344764138489	0.150610548051832		0.433114652963411	3.19966255746521	0.0777344764138489	0.150610548051832		0.27707934299227	2.04694159653454	0.456520699820463	0.544313142093629		0.362578008879197	2.67856852967997	0.192632074569581	0.306993928951545
Coding	0.0142591398753162	7.41695526208263	0.0895007311516409	0.159726816386429		0.105759402530999	7.41695526208263	0.0895007311516409	0.159726816386429		0.103156392836094	7.23440500185197	0.0949759733937392	0.210303941086137		0.103257163413289	7.2414720885119	0.093290485358547	0.227766047195627
3'-UTR	0.0111681302243406	5.89265542159292	0.0927446030630877	0.159726816386429		0.0658099431155164	5.89265542159292	0.0927446030630877	0.159726816386429		0.0657894375820312	5.89081934580643	0.113774385363138	0.235133729750485		0.0626892492859323	5.61322692578414	0.0955147939852628	0.227766047195627
H3K4me3	0.13288674232645	2.27141956453577	0.107368876457139	0.175180798430069		0.301841546387723	2.27141956453577	0.107368876457139	0.175180798430069		0.212453000868558	1.59875241991142	0.394392719085192	0.503576994832662		0.224638407081768	1.69045010171083	0.328908471668938	0.407846504869483
Intron	0.387451332870001	1.24146329942686	0.0684018966710527	0.192768981527512		0.420304117696118	1.08479202944732	0.53003485758343	0.657243223403453		0.481006610072127	1.24146329942686	0.0684018966710527	0.192768981527512		0.4606975520216	1.18904624384445	0.149154806381304	0.271988176342378
Conserved (GERP RS >= 4)	0.0081499252074974	12.1404710664768	0.0886987426867345	0.210303941086137		0.0516015156847317	6.3315324215812	0.315735119132505	0.444899486050348		0.098943931175572	12.1404710664768	0.0886987426867345	0.210303941086137		0.0813443142596248	9.98098905064715	0.139499561369474	0.270280400153356
Non-synonymous	0.00271541155000227	13.5321626933596	0.150318631453764	0.291242348441668		0.0108257869383411	3.98679417060448	0.722737751105323	0.80017393872375		0.0367453908740585	13.5321626933596	0.150318631453764	0.291242348441668		0.0240503899778997	8.85699627295154	0.310358071907648	0.400879176214046
Promoter Flanking	0.00827691393569606	0.395413425793847	0.183738887831061	0.335053266044876		-0.0443123834089527	-5.3537325328279	0.243678958217103	0.377702385236509		-0.0494528935903695	-5.97479857523862	0.183738887831061	0.335053266044876		-0.0401901796486807	-4.85569621249189	0.267860707795832	0.395413425793847
FANTOM5 Enhancer	0.00431375844865067	11.3860438389737	0.197303486814342	0.339800449513589		0.0109429355861601	2.53675204961533	0.838480180947694	0.838480180947694		0.0491166428070796	11.3860438389737	0.197303486814342	0.339800449513589		0.0270294818417094	6.26587746241658	0.471944566141603	0.527749593289498
Enhancer	0.0419232233194921	2.87098408310602	0.23911891713299	0.370634321556135		0.0734723047047505	1.7525442675251	0.651553184922863	0.748079582689213		0.120360906862761	2.87098408310602	0.23911891713299	0.370634321556135		0.0967973738517389	2.30892012081364	0.363528040892581	0.43343727952577
CCCTC Binding Factor	0.0238146642288857	0.549887925305	0.290791464178088	0.400879176214046		-0.0384223296661535	-1.61338951903213	0.315326123031146	0.444899486050348		-0.0225338955037984	-0.946219324665776	0.493998845399147	0.549887925305		-0.0442653977646052	-1.85874540741641	0.290791464178088	0.400879176214046
Promoter	0.0463352847994828	2.5533191426159	0.30655490740314	0.400879176214046		0.0845614973493288	1.82499142317288	0.559142845443635	0.666670315721257		0.118308769657079	2.5533191426159	0.308369914337738	0.43452124293045		0.113707788790294	2.45402157950183	0.30655490740314	0.400879176214046
Synonymous	0.00312003085306062	12.6821495316628	0.332578139866135	0.448257492863051		0.0395686978219164	12.6821495316628	0.332578139866135	0.448257492863051		0.00204802755849804	0.65641259812832	0.977889583875892	0.977889583875892		0.0311788864578907	9.99313401894905	0.476677052003417	0.527749593289498
Repressed	0.460018093796861	0.93279591015898	0.393718837341569	0.503576994832662		0.429102996492842	0.93279591015898	0.794563048201279	0.838480180947694		0.342553101134535	0.744651364269605	0.393718837341569	0.503576994832662		0.403807405191537	0.877807657213271	0.643487352310025	0.687865790400372
Transcribed	0.345192604324092	1.03763439665763	0.503204205699148	0.649972099028067		0.274905254871524	0.796382226698644	0.503204205699148	0.649972099028067		0.358183719718505	1.03763439665763	0.918000064236893	0.948600066378123		0.321164493632941	0.93039216254879	0.819899561412932	0.847229546793363
5'-UTR	0.00546017980731599	2.38985349340185	0.795507787300461	0.838480180947694		0.011456575661958	2.09820483321951	0.838230823144229	0.838480180947694		0.0130490297871164	2.38985349340185	0.795507787300461	0.850370393321182		0.00866410175886214	1.5867795685507	0.911806955274991	0.911806955274991
