structure	type	measure	n	top_pval	top_fdr	top_rhoAbs	NA	gap_gm_pval	gap_gm_fdr	gap_gm_rho	gap_gm_rhoAbs	NA.1	gap_wm_pval	gap_wm_fdr	gap_wm_rho	gap_wm_rhoAbs	NA.2	gap_gwm_pval	gap_gwm_fdr	gap_gwm_rho	gap_gwm_rhoAbs
Right lateral ventricle	subcortical	volume	32272	0	0	0.298002570321875		0	0	0.274093195634536	0.274093195634536		0	0	0.274785894268845	0.274785894268845		0	0	0.298002570321875	0.298002570321875
Left accumbens area	subcortical	volume	32272	0	0	0.31271734590429		0	0	-0.272551799880069	0.272551799880069		0	0	-0.296884677420078	0.296884677420078		0	0	-0.31271734590429	0.31271734590429
Left lateral ventricle	subcortical	volume	32272	0	0	0.28599183779808		0	0	0.262532868542003	0.262532868542003		0	0	0.265382045124415	0.265382045124415		0	0	0.28599183779808	0.28599183779808
Left amygdala	subcortical	volume	32272	0	0	0.24917600241054		0	0	-0.24917600241054	0.24917600241054		1.9351678293035e-303	2.7092349610249e-302	-0.206590290775363	0.206590290775363		0	0	-0.247318412370815	0.247318412370815
Right hippocampus	subcortical	volume	32272	0	0	0.244049904308013		0	0	-0.244049904308013	0.244049904308013		8.36669870987175e-212	8.78503364536534e-211	-0.173447165472176	0.173447165472176		0	0	-0.225100694562324	0.225100694562324
Right accumbens area	subcortical	volume	32272	0	0	0.265678967828948		0	0	-0.24318655345305	0.24318655345305		0	0	-0.244238782473744	0.244238782473744		0	0	-0.265678967828948	0.265678967828948
Left hippocampus	subcortical	volume	32272	0	0	0.235775675333399		0	0	-0.235775675333399	0.235775675333399		2.04248389957544e-199	1.90631830627041e-198	-0.168429617901128	0.168429617901128		0	0	-0.217270759057375	0.217270759057375
Left thalamus proper	subcortical	volume	32272	0	0	0.220934752897783		6.00134442344499e-218	4.20094109641149e-217	-0.175879469462386	0.175879469462386		0	0	-0.220934752897783	0.220934752897783		0	0	-0.21826597382508	0.21826597382508
Left superiorfrontal	cortical	cortical thickness	32272	2.3540798775277e-272	2.47178387140408e-271	0.19602338567675		2.3540798775277e-272	2.47178387140408e-271	-0.19602338567675	0.19602338567675		2.07296927316079e-188	1.74129418945506e-187	-0.163835125486671	0.163835125486671		5.88473382773145e-269	5.49241823921602e-268	-0.194830603058219	0.194830603058219
Right amygdala	subcortical	volume	32272	3.18360945051289e-264	2.9713688204787e-263	0.193155942367717		3.18360945051289e-264	2.9713688204787e-263	-0.193155942367717	0.193155942367717		1.33864861901634e-151	8.64972953825943e-151	-0.14737299087731	0.14737299087731		2.98269849098919e-237	2.27769702948265e-236	-0.183298554638564	0.183298554638564
Right thalamus proper	subcortical	volume	32272	1.93148543174987e-255	2.31778251809984e-254	0.190006369139135		3.28089704718229e-123	9.84269114154687e-123	-0.133225041832766	0.133225041832766		1.93148543174987e-255	2.31778251809984e-254	-0.190006369139135	0.190006369139135		4.58502915206705e-226	3.20952040644694e-225	-0.179039043574125	0.179039043574125
Right superiorfrontal	cortical	cortical thickness	32272	6.71044916318065e-247	5.63677729707175e-246	0.186888603958977		7.87636681898338e-241	6.61614812794604e-240	-0.184638718468376	0.184638718468376		7.81539467038703e-179	5.96811956647737e-178	-0.159723830329787	0.159723830329787		6.71044916318065e-247	5.63677729707175e-246	-0.186888603958977	0.186888603958977
Right superiortemporal	cortical	cortical thickness	32272	3.47557049932961e-221	2.65407201766988e-220	0.177146847352738		3.47557049932961e-221	2.65407201766988e-220	-0.177146847352738	0.177146847352738		4.6401746486931e-111	1.55909868196088e-110	-0.126668862545328	0.126668862545328		3.71750051935482e-186	2.0818002908387e-185	-0.162877384467834	0.162877384467834
Right inferiorparietal	cortical	cortical thickness	32272	9.72339454166404e-215	6.28280878076753e-214	0.174613393349918		9.72339454166404e-215	6.28280878076753e-214	-0.174613393349918	0.174613393349918		3.16493249833425e-138	1.47696849922265e-137	-0.140892621119775	0.140892621119775		1.73460891274074e-203	1.12082422054017e-202	-0.17009591425659	0.17009591425659
Left supramarginal	cortical	cortical thickness	32272	6.32539201050725e-192	3.79523520630435e-191	0.165317182657371		6.32539201050725e-192	3.79523520630435e-191	-0.165317182657371	0.165317182657371		1.89995416507275e-129	7.97980749330555e-129	-0.136464620523546	0.136464620523546		5.31736384606148e-184	2.79161601918228e-183	-0.161955867121555	0.161955867121555
Right supramarginal	cortical	cortical thickness	32272	6.36115751030662e-192	3.81669450618397e-191	0.165316176439044		1.79733571852958e-188	1.00650800237656e-187	-0.163861293125717	0.163861293125717		5.51803171116801e-142	2.89696664836321e-141	-0.142744874848535	0.142744874848535		6.36115751030662e-192	3.81669450618397e-191	-0.165316176439044	0.165316176439044
Left rostralmiddlefrontal	cortical	cortical thickness	32272	2.1916104527122e-180	1.1505954876739e-179	0.160397709825802		2.1916104527122e-180	1.1505954876739e-179	-0.160397709825802	0.160397709825802		4.38915078383003e-128	1.75566031353201e-127	-0.135763256919547	0.135763256919547		4.39624096705612e-180	2.17226024254538e-179	-0.160266713957954	0.160266713957954
Right precentral	cortical	cortical thickness	32272	1.52935136875515e-179	7.1369730541907e-179	0.160031772823529		1.58056922067344e-157	6.32227688269376e-157	-0.150151657492134	0.150151657492134		3.96630004008494e-147	2.37978002405096e-146	-0.145239875277468	0.145239875277468		1.52935136875515e-179	7.1369730541907e-179	-0.160031772823529	0.160031772823529
Left superiortemporal	cortical	cortical thickness	32272	5.50659412370251e-173	2.72090533171183e-172	0.157157347446759		5.50659412370251e-173	2.72090533171183e-172	-0.157157347446759	0.157157347446759		1.05437737659713e-87	2.6838696858836e-87	-0.112963659622462	0.112963659622462		4.86076293871194e-146	1.70126702854918e-145	-0.14471551500118	0.14471551500118
Left precuneus	cortical	cortical thickness	32272	2.39487876004812e-169	1.11761008802246e-168	0.155538211446083		2.39487876004812e-169	1.11761008802246e-168	-0.155538211446083	0.155538211446083		4.46338995293965e-92	1.2497491868231e-91	-0.11565750204023	0.11565750204023		6.56263418762079e-147	2.39678813808759e-146	-0.145134568937095	0.145134568937095
Left putamen	subcortical	volume	32272	2.36589082118601e-168	1.04597278410329e-167	0.155092488899987		9.10354075594292e-141	2.9411439365354e-140	-0.142147432041401	0.142147432041401		1.00734939835428e-132	4.45354470851366e-132	-0.138134096949042	0.138134096949042		2.36589082118601e-168	1.04597278410329e-167	-0.155092488899987	0.155092488899987
Left precentral	cortical	cortical thickness	32272	7.42123315138404e-168	3.1169179235813e-167	0.154869481891549		8.68449352657638e-148	3.17172807057572e-147	-0.145556321755417	0.145556321755417		1.39949367060728e-138	6.91514519594185e-138	-0.14106834541547	0.14106834541547		7.42123315138404e-168	3.1169179235813e-167	-0.154869481891549	0.154869481891549
Left inferiorparietal	cortical	cortical thickness	32272	5.13410067379145e-163	2.26981292946569e-162	0.152677618172379		5.13410067379145e-163	2.26981292946569e-162	-0.152677618172379	0.152677618172379		1.90346309370182e-79	4.20765525976192e-79	-0.107689375273919	0.107689375273919		3.592019893082e-135	1.0776059679246e-134	-0.13936787074354	0.13936787074354
Right superiorparietal	cortical	cortical thickness	32272	1.02902937281973e-162	4.11611749127892e-162	0.152539816101215		1.25112084456617e-156	4.77700686107083e-156	-0.149733912899951	0.149733912899951		6.92068074425293e-118	2.52755296746629e-117	-0.130394390259864	0.130394390259864		1.02902937281973e-162	4.11611749127892e-162	-0.152539816101215	0.152539816101215
Right precuneus	cortical	cortical thickness	32272	7.32456881252169e-159	3.07631890125911e-158	0.150769749057713		7.32456881252169e-159	3.07631890125911e-158	-0.150769749057713	0.150769749057713		2.28148986606466e-100	7.09796847220116e-100	-0.120594801680813	0.120594801680813		1.23174699070054e-148	4.70303396449297e-148	-0.14596276557121	0.14596276557121
Left pallidum	subcortical	volume	32272	7.30616402481246e-155	5.11431481736872e-154	0.148909297792345		4.3333847438883e-33	6.16956472011216e-33	-0.0709353099148479	0.0709353099148479		7.30616402481246e-155	5.11431481736872e-154	-0.148909297792345	0.148909297792345		1.83240832655966e-106	4.27561942863921e-106	-0.124094651016255	0.124094651016255
Right rostralmiddlefrontal	cortical	cortical thickness	32272	3.1230898147027e-144	1.09308143514595e-143	0.143840439846741		3.1230898147027e-144	1.09308143514595e-143	-0.143840439846741	0.143840439846741		2.26052384452349e-97	6.78157153357047e-97	-0.118835238837438	0.118835238837438		3.05569719117241e-140	9.87225246378779e-140	-0.14188873576347	0.14188873576347
Left paracentral	cortical	cortical thickness	32272	1.03686172806497e-143	3.4838554062983e-143	0.143587149404718		4.65509347647299e-120	1.30342617341244e-119	-0.131556560256893	0.131556560256893		1.53860811057691e-124	5.87468551311184e-124	-0.133922459618462	0.133922459618462		1.03686172806497e-143	3.4838554062983e-143	-0.143587149404718	0.143587149404718
Right pallidum	subcortical	volume	32272	1.55799251822227e-143	8.72475810204471e-143	0.143501193208028		9.19051101859892e-24	1.1876968085574e-23	-0.0608628594904859	0.0608628594904859		1.55799251822227e-143	8.72475810204471e-143	-0.143501193208028	0.143501193208028		4.04095818608495e-91	8.4860121907784e-91	-0.115072919989058	0.115072919989058
Left superiorparietal	cortical	cortical thickness	32272	3.46603052306294e-142	1.16458625574915e-141	0.142843347092402		3.46603052306294e-142	1.16458625574915e-141	-0.142843347092402	0.142843347092402		1.68021694164178e-92	4.86683527923826e-92	-0.115915508370013	0.115915508370013		2.23689272637051e-137	6.95922181537492e-137	-0.140470411120764	0.140470411120764
Right paracentral	cortical	cortical thickness	32272	5.30178324088628e-134	1.53568893873947e-133	0.13877992593722		1.43632707021763e-114	3.54857276171415e-114	-0.128597227702416	0.128597227702416		5.73737521158644e-115	2.00808132405525e-114	-0.128815059263878	0.128815059263878		5.30178324088628e-134	1.53568893873947e-133	-0.13877992593722	0.13877992593722
Right putamen	subcortical	volume	32272	2.58437321570657e-131	7.2362450039784e-131	0.137418086367386		1.68409654347643e-113	4.04183170434343e-113	-0.12801283977658	0.12801283977658		3.32775232483306e-101	1.07511998186914e-100	-0.121081023474287	0.121081023474287		2.58437321570657e-131	7.2362450039784e-131	-0.137418086367386	0.137418086367386
Right parstriangularis	cortical	cortical thickness	32272	1.18172684606545e-123	3.67648352109251e-123	0.133458126960682		1.18172684606545e-123	3.67648352109251e-123	-0.133458126960682	0.133458126960682		1.52925708454233e-84	3.77816456181046e-84	-0.11097467736876	0.11097467736876		3.46067461391597e-121	9.08427086152942e-121	-0.132156700423731	0.132156700423731
Left parsopercularis	cortical	cortical thickness	32272	1.11084395980722e-121	3.01002879431634e-121	0.132418098460679		1.88013805691874e-120	5.44591713038532e-120	-0.131766233305193	0.131766233305193		8.02075450228496e-90	2.17336573610302e-89	-0.114276947186122	0.114276947186122		1.11084395980722e-121	3.01002879431634e-121	-0.132418098460679	0.132418098460679
Right caudalmiddlefrontal	cortical	cortical thickness	32272	5.42547621165647e-119	1.38103030842165e-118	0.130987103621548		9.20992109010742e-115	2.34434355020916e-114	-0.128702530275159	0.128702530275159		1.22162013515487e-88	3.20675285478153e-88	-0.113545575934298	0.113545575934298		5.42547621165647e-119	1.38103030842165e-118	-0.130987103621548	0.130987103621548
Left caudalmiddlefrontal	cortical	cortical thickness	32272	4.00583169681777e-116	1.0854511694603e-115	0.12944239121897		4.00583169681777e-116	1.0854511694603e-115	-0.12944239121897	0.12944239121897		6.47585788673721e-82	1.51103350690535e-81	-0.109293586050349	0.109293586050349		1.6433803226748e-114	3.94411277441952e-114	-0.128565511826121	0.128565511826121
Right parsopercularis	cortical	cortical thickness	32272	2.42214604312312e-115	6.35813336319819e-115	0.12901830796276		2.42214604312312e-115	6.35813336319819e-115	-0.12901830796276	0.12901830796276		5.02541307205041e-83	1.2060991372921e-82	-0.110007523494047	0.110007523494047		4.28701539925218e-115	1.05914498099172e-114	-0.128883600209081	0.128883600209081
Left parstriangularis	cortical	cortical thickness	32272	1.63234647855308e-108	3.80880844995719e-108	0.125249334372359		1.63234647855308e-108	3.80880844995719e-108	-0.125249334372359	0.125249334372359		2.53449029828823e-60	5.32242962640528e-60	-0.0943149356178952	0.0943149356178952		2.45864549953705e-96	5.43490057792401e-96	-0.118219716038871	0.118219716038871
Left fusiform	cortical	cortical thickness	32272	8.62596811964386e-104	1.95832789743266e-103	0.122572300235061		8.62596811964386e-104	1.95832789743266e-103	-0.122572300235061	0.122572300235061		8.88363756906376e-37	1.58771394851352e-36	-0.0745407294376149	0.0745407294376149		2.66769587459311e-75	5.46552325526393e-75	-0.1049375478447	0.1049375478447
Right postcentral	cortical	cortical thickness	32272	7.82837790169328e-103	1.7772533614655e-102	0.122022161029055		6.99763756479912e-94	1.5071834754952e-93	-0.116749329668591	0.116749329668591		6.41782523961958e-80	1.45701978412985e-79	-0.107998180071386	0.107998180071386		7.82837790169328e-103	1.7772533614655e-102	-0.122022161029055	0.122022161029055
Right fusiform	cortical	cortical thickness	32272	2.64249191112883e-97	5.8412979088111e-97	0.118794404242247		2.64249191112883e-97	5.8412979088111e-97	-0.118794404242247	0.118794404242247		5.56378126701166e-37	1.015994840063e-36	-0.0747341620550088	0.0747341620550088		8.69496015643186e-73	1.73899203128637e-72	-0.103232837267462	0.103232837267462
Left postcentral	cortical	cortical thickness	32272	1.78462723030115e-92	3.84381249603325e-92	0.115899042459881		4.15809248426834e-87	8.73199421696351e-87	-0.112590854739268	0.112590854739268		2.12433954700012e-70	4.57550056276949e-70	-0.10158692094238	0.10158692094238		1.78462723030115e-92	3.84381249603325e-92	-0.115899042459881	0.115899042459881
Right middletemporal	cortical	cortical thickness	32272	5.1319754201228e-74	1.05142911046418e-73	0.104069474348554		5.1319754201228e-74	1.05142911046418e-73	-0.104069474348554	0.104069474348554		4.10061455062774e-28	6.62406965870635e-28	-0.0657578463461842	0.0657578463461842		3.11766348341209e-55	5.57199431077905e-55	-0.0904120662939856	0.0904120662939856
Right bankssts	cortical	cortical thickness	32272	2.97884226453685e-72	5.9576845290737e-72	0.102865758020116		2.97884226453685e-72	5.9576845290737e-72	-0.102865758020116	0.102865758020116		8.43818064995402e-17	1.20136809253583e-16	-0.052076720216153	0.052076720216153		1.61198207004064e-43	2.50752766450766e-43	-0.0807077015147249	0.0807077015147249
Left lateraloccipital	cortical	cortical thickness	32272	2.03514156250381e-71	3.97562537791442e-71	0.102291502900052		2.03514156250381e-71	3.97562537791442e-71	-0.102291502900052	0.102291502900052		3.72000161408277e-43	7.26697989727797e-43	-0.0803894766698674	0.0803894766698674		2.47764436334618e-66	4.84004945397858e-66	-0.0987168676468142	0.0987168676468142
Left middletemporal	cortical	cortical thickness	32272	1.1308956576956e-68	2.15898261923705e-68	0.100378333806225		1.1308956576956e-68	2.15898261923705e-68	-0.100378333806225	0.100378333806225		2.73653916609425e-19	3.96326361986064e-19	-0.0553804031275117	0.0553804031275117		6.97454985232805e-46	1.12665805306838e-45	-0.0827590791569233	0.0827590791569233
Right posteriorcingulate	cortical	cortical thickness	32272	9.07143109910474e-67	1.69333380516622e-66	0.0990280794329763		9.07143109910474e-67	1.69333380516622e-66	-0.0990280794329763	0.0990280794329763		1.57420515464359e-24	2.44876357389003e-24	-0.0617579063945268	0.0617579063945268		9.13110273437325e-49	1.5039463327203e-48	-0.0851934359993676	0.0851934359993676
Left bankssts	cortical	cortical thickness	32272	1.49564534120744e-66	2.73117844916141e-66	0.0988730227055442		1.49564534120744e-66	2.73117844916141e-66	-0.0988730227055442	0.0988730227055442		2.48653538366865e-08	3.16468139739646e-08	-0.0387339289907073	0.0387339289907073		2.41141763386934e-33	3.61712645080401e-33	-0.0711906362441471	0.0711906362441471
Right parsorbitalis	cortical	cortical thickness	32272	5.74003259388496e-66	1.09582440428713e-65	0.0984552248024396		2.4935435893255e-63	4.36370128131962e-63	-0.0965417729713944	0.0965417729713944		5.20737352111931e-49	1.0668765262781e-48	-0.0853972038094449	0.0853972038094449		5.74003259388496e-66	1.09582440428713e-65	-0.0984552248024396	0.0984552248024396
Left parsorbitalis	cortical	cortical thickness	32272	9.92666809887504e-65	1.85297804512334e-64	0.0975625420808787		1.50530405190295e-62	2.58052123183363e-62	-0.0959683928535597	0.0959683928535597		1.23119693499893e-47	2.46239386999786e-47	-0.0842494041957071	0.0842494041957071		9.92666809887504e-65	1.85297804512334e-64	-0.0975625420808787	0.0975625420808787
Right lateraloccipital	cortical	cortical thickness	32272	4.57826766310714e-64	8.18243582342553e-64	0.097079538348956		4.57826766310714e-64	8.18243582342553e-64	-0.097079538348956	0.097079538348956		5.64707160891534e-36	9.88237531560185e-36	-0.0737709645536635	0.0737709645536635		4.70472083475813e-57	8.59122935042789e-57	-0.0918273497544736	0.0918273497544736
Left frontalpole	cortical	cortical thickness	32272	1.17119910594468e-52	2.04959843540319e-52	0.0883712542512797		2.31576953366813e-51	3.81420864368868e-51	-0.0873250287819179	0.0873250287819179		7.21350203481944e-38	1.34652037983296e-37	-0.0755747961781427	0.0755747961781427		1.17119910594468e-52	2.04959843540319e-52	-0.0883712542512797	0.0883712542512797
Left entorhinal	cortical	cortical thickness	32272	1.94298987241657e-52	3.26422298565984e-52	0.0881942733614113		1.94298987241657e-52	3.26422298565984e-52	-0.0881942733614113	0.0881942733614113		5.800667552556e-34	9.94400151866743e-34	-0.071807582461781	0.071807582461781		3.42816109227257e-50	5.75931063501792e-50	-0.0863706887293967	0.0863706887293967
Right entorhinal	cortical	cortical thickness	32272	2.50401346019562e-51	4.29259450319249e-51	0.0872979982475127		3.23660708633896e-46	4.85491062950844e-46	-0.0830433011474174	0.0830433011474174		1.30828889061431e-40	2.49764242753641e-40	-0.0781087867937246	0.0781087867937246		2.50401346019562e-51	4.29259450319249e-51	-0.0872979982475127	0.0872979982475127
Right isthmuscingulate	cortical	cortical thickness	32272	1.4898471182102e-49	2.40667611403186e-49	0.0858452273134181		1.4898471182102e-49	2.40667611403186e-49	-0.0858452273134181	0.0858452273134181		1.26208860541389e-11	1.68278480721852e-11	-0.0444111834795573	0.0444111834795573		5.01610701906898e-30	7.14157609494567e-30	-0.0677937840329807	0.0677937840329807
Left posteriorcingulate	cortical	cortical thickness	32272	4.46213623925313e-49	7.07206498296722e-49	0.0854510128461865		4.46213623925313e-49	7.07206498296722e-49	-0.0854510128461865	0.0854510128461865		3.5569688663482e-06	4.33022296772824e-06	-0.0345101654574872	0.0345101654574872		3.92635600268482e-25	5.31957910041169e-25	-0.0624471310846212	0.0624471310846212
Left medialorbitofrontal	cortical	cortical thickness	32272	8.61800687097737e-47	1.34057884659648e-46	0.0835330758614175		8.61800687097737e-47	1.34057884659648e-46	-0.0835330758614175	0.0835330758614175		3.24811125641964e-25	5.1479499158349e-25	-0.0625430057493277	0.0625430057493277		7.32292543204344e-41	1.11841042962118e-40	-0.0783355594620597	0.0783355594620597
Left isthmuscingulate	cortical	cortical thickness	32272	1.11330308841959e-46	1.70031744413174e-46	0.083438562125975		1.11330308841959e-46	1.70031744413174e-46	-0.083438562125975	0.083438562125975		0.000144799789041337	0.000173759746849604	-0.0309787733774003	0.0309787733774003		1.0284037538929e-22	1.34977992698443e-22	-0.0596245247786602	0.0596245247786602
Right inferiortemporal	cortical	cortical thickness	32272	1.62948172017704e-45	2.58257480179003e-45	0.0824424079206079		1.38410280037588e-43	2.03973044265919e-43	-0.0807654242837925	0.0807654242837925		1.27380191538649e-32	2.1399872178493e-32	-0.0704672546087571	0.0704672546087571		1.62948172017704e-45	2.58257480179003e-45	-0.0824424079206079	0.0824424079206079
Left inferiortemporal	cortical	cortical thickness	32272	4.44945375396923e-35	6.44403647126578e-35	0.0729003458985095		4.44945375396923e-35	6.44403647126578e-35	-0.0729003458985095	0.0729003458985095		1.48654354730921e-07	1.83631849961726e-07	-0.0372701358415602	0.0372701358415602		5.97680469360246e-22	7.60684233731222e-22	-0.0587038262742625	0.0587038262742625
Right temporalpole	cortical	cortical thickness	32272	5.25773338250872e-33	7.74823866896022e-33	0.0708521700230606		1.61536762189515e-24	2.12017000373738e-24	-0.0617411095480857	0.0617411095480857		5.17827587060098e-30	8.52892496334279e-30	-0.0677809987706277	0.0677809987706277		5.25773338250872e-33	7.74823866896022e-33	-0.0708521700230606	0.0708521700230606
Right insula	cortical	cortical thickness	32272	8.64600299173799e-32	1.21044041884332e-31	0.0696194732700858		8.64600299173799e-32	1.21044041884332e-31	-0.0696194732700858	0.0696194732700858		9.24926656862771e-17	1.29489731960788e-16	-0.0520220602171314	0.0520220602171314		1.28684398674957e-26	1.8015815814494e-26	-0.0641164821399605	0.0641164821399605
Right frontalpole	cortical	cortical thickness	32272	2.89889220015643e-30	4.19839560022655e-30	0.0680435051382512		5.38509743094339e-30	7.41554400326631e-30	-0.0677601500968296	0.0677601500968296		1.88880201503475e-20	2.783497706367e-20	-0.056854997239561	0.056854997239561		2.89889220015643e-30	4.19839560022655e-30	-0.0680435051382512	0.0680435051382512
Right medialorbitofrontal	cortical	cortical thickness	32272	1.2794958404543e-29	1.73351049351873e-29	0.0673644705023424		1.2794958404543e-29	1.73351049351873e-29	-0.0673644705023424	0.0673644705023424		1.72420946068165e-10	2.26302491714467e-10	-0.0425375413655158	0.0425375413655158		1.25078284524838e-21	1.56814565672931e-21	-0.0583127813794475	0.0583127813794475
Left rostralanteriorcingulate	cortical	cortical thickness	32272	4.16787095086578e-26	5.55716126782104e-26	0.0635461535933052		4.16787095086578e-26	5.55716126782104e-26	-0.0635461535933052	0.0635461535933052		4.09183099615698e-14	5.54377102705139e-14	-0.048253968238473	0.048253968238473		2.34104656424996e-22	3.02535248303072e-22	-0.0591960133650115	0.0591960133650115
Left lateralorbitofrontal	cortical	cortical thickness	32272	1.36851497497337e-25	1.88451242455349e-25	0.0629674241105435		1.17538537876469e-22	1.4959450275187e-22	-0.0595531032590471	0.0595531032590471		1.06798058033485e-20	1.60197087050227e-20	-0.0571644798372393	0.0571644798372393		1.36851497497337e-25	1.88451242455349e-25	-0.0629674241105435	0.0629674241105435
Left temporalpole	cortical	cortical thickness	32272	6.46728209764494e-24	8.62304279685992e-24	0.0610437689646531		2.63191303054941e-19	3.25118668479633e-19	-0.0553974115598123	0.0553974115598123		9.69893412678404e-21	1.4812917575452e-20	-0.0572171927069562	0.0572171927069562		6.46728209764494e-24	8.62304279685992e-24	-0.0610437689646531	0.0610437689646531
Right lateralorbitofrontal	cortical	cortical thickness	32272	6.06734464793024e-20	7.60682015561403e-20	0.0562114877387762		6.06734464793024e-20	7.60682015561403e-20	-0.0562114877387762	0.0562114877387762		1.61953608628817e-08	2.0929389422801e-08	-0.039076578721052	0.039076578721052		9.80528059342515e-16	1.19368633311263e-15	-0.0505931789369909	0.0505931789369909
Left lingual	cortical	cortical thickness	32272	4.44775106784917e-19	5.4942807308725e-19	0.0551044856318303		3.69223265109313e-17	4.43067918131176e-17	-0.052560152508564	0.052560152508564		9.82850936189534e-15	1.35343407606428e-14	-0.0491622419439279	0.0491622419439279		4.44775106784917e-19	5.4942807308725e-19	-0.0551044856318303	0.0551044856318303
Left insula	cortical	cortical thickness	32272	1.87318316821768e-17	2.28039690043891e-17	0.0529571219434764		1.87318316821768e-17	2.28039690043891e-17	-0.0529571219434764	0.0529571219434764		0.00268307070032153	0.00308736902502751	-0.0278715919673572	0.0278715919673572		1.07479948206764e-09	1.28975937848117e-09	-0.0411732880496447	0.0411732880496447
Left parahippocampal	cortical	cortical thickness	32272	1.54865392046105e-10	1.83221027209476e-10	0.0426083697038027		1.54865392046105e-10	1.83221027209476e-10	-0.0426083697038027	0.0426083697038027		1	1	-0.0134828110062187	0.0134828110062187		0.000428954661330707	0.000486921507456478	-0.0298532008391864	0.0298532008391864
Right parahippocampal	cortical	cortical thickness	32272	5.85522306378872e-10	6.83109357442017e-10	0.0416255129960465		5.85522306378872e-10	6.83109357442017e-10	-0.0416255129960465	0.0416255129960465		1	1	-0.000175389201299361	0.000175389201299361		0.442364522476665	0.470362277063796	-0.0213198784703934	0.0213198784703934
Right caudate	subcortical	volume	32272	4.31594290802129e-08	5.41103289960878e-08	0.0382885740722513		9.78801396749254e-05	0.000111107185576942	0.0313642802415897	0.0313642802415897		4.31594290802129e-08	5.41103289960878e-08	0.0382885740722513	0.0382885740722513		3.34296455469795e-07	3.95505665626236e-07	0.0365807112600371	0.0365807112600371
Left cuneus	cortical	cortical thickness	32272	3.76741783928529e-06	4.33511093835568e-06	0.0344481431276257		3.76741783928529e-06	4.33511093835568e-06	-0.0344481431276257	0.0344481431276257		0.000896205778906992	0.0010602997947632	-0.0290770750757928	0.0290770750757928		4.11120561952192e-06	4.79640655610891e-06	-0.0343712219463289	0.0343712219463289
Left caudalanteriorcingulate	cortical	cortical thickness	32272	0.000115847822418405	0.000129749561108614	0.0311933669421172		0.000115847822418405	0.000129749561108614	-0.0311933669421172	0.0311933669421172		0.101620263080335	0.110858468814911	-0.0234024166122117	0.0234024166122117		0.000621513558305713	0.000696095185302399	-0.0294587079556676	0.0294587079556676
Right caudalanteriorcingulate	cortical	cortical thickness	32272	0.000187399712962915	0.000207125998537959	0.0307042279010132		0.000187399712962915	0.000207125998537959	-0.0307042279010132	0.0307042279010132		0.0674429368182067	0.0755360892363915	-0.023948397265855	0.023948397265855		0.00131081814591914	0.00144879900338431	-0.0286563180385432	0.0286563180385432
Right pericalcarine	cortical	cortical thickness	32272	0.000206026750678393	0.000237071877492945	0.0306110548565889		0.000363148220090745	0.000396161694644449	0.0300238039973049	0.0300238039973049		0.0194193955125855	0.0220436381494214	0.0255352991322206	0.0255352991322206		0.000206026750678393	0.000237071877492945	0.0306110548565889	0.0306110548565889
Left transversetemporal	cortical	cortical thickness	32272	0.00133017056394026	0.0015518656579303	0.0286485088154891		1	1	0.0111410870546902	0.0111410870546902		0.00133017056394026	0.0015518656579303	0.0286485088154891	0.0286485088154891		0.0676631999596316	0.0728680614949879	0.0239344658417532	0.0239344658417532
Right lingual	cortical	cortical thickness	32272	0.00881642746422669	0.00961792087006548	0.0264872511109546		0.0212797997018434	0.022916707371216	-0.025406519401082	0.025406519401082		0.084846898310764	0.0937781507645286	-0.0236412588440405	0.0236412588440405		0.00881642746422669	0.00961792087006548	-0.0264872511109546	0.0264872511109546
Left caudate	subcortical	volume	32272	0.268702681031179	0.289372118033577	0.0220553646680076		1	1	0.0105604271103372	0.0105604271103372		0.268702681031179	0.289372118033577	0.0220553646680076	0.0220553646680076		1	1	0.0155565395471286	0.0155565395471286
Right rostralanteriorcingulate	cortical	cortical thickness	32272	0.415415633593396	0.441707762301839	0.0214175788017694		1	1	0.00989209591149347	0.00989209591149347		0.415415633593396	0.441707762301839	0.0214175788017694	0.0214175788017694		1	1	0.0187626719488967	0.0187626719488967
Right transversetemporal	cortical	cortical thickness	32272	1	1	0.0139971358314411		1	1	-0.0139971358314411	0.0139971358314411		1	1	0.000926892634914832	0.000926892634914832		1	1	-0.00546677719344694	0.00546677719344694
Right cuneus	cortical	cortical thickness	32272	1	1	0.00927969966876151		1	1	-0.00912883691039282	0.00912883691039282		1	1	-0.00823439512754896	0.00823439512754896		1	1	-0.00927969966876151	0.00927969966876151
Left pericalcarine	cortical	cortical thickness	32272	1	1	0.00683386235341969		1	1	0.00536038862786295	0.00536038862786295		1	1	0.00615487508471656	0.00615487508471656		1	1	0.00683386235341969	0.00683386235341969
